   81   64    1    4    2    2
  1    3
  1.0  0.30
    1     0.000     1.000     0.000
    2     0.125     1.000     0.000
    3     0.250     1.000     0.000
    4     0.375     1.000     0.000
    5     0.500     1.000     0.000
    6     0.625     1.000     0.000
    7     0.750     1.000     0.000
    8     0.875     1.000     0.000
    9     1.000     1.000     0.000
   10     0.000     0.875     0.000
   11     0.125     0.875     0.000
   12     0.250     0.875     0.000
   13     0.375     0.875     0.000
   14     0.500     0.875     0.000
   15     0.625     0.875     0.000
   16     0.750     0.875     0.000
   17     0.875     0.875     0.000
   18     1.000     0.875     0.000
   19     0.000     0.750     0.000
   20     0.125     0.750     0.000
   21     0.250     0.750     0.000
   22     0.375     0.750     0.000
   23     0.500     0.750     0.000
   24     0.625     0.750     0.000
   25     0.750     0.750     0.000
   26     0.875     0.750     0.000
   27     1.000     0.750     0.000
   28     0.000     0.625     0.000
   29     0.125     0.625     0.000
   30     0.250     0.625     0.000
   31     0.375     0.625     0.000
   32     0.500     0.625     0.000
   33     0.625     0.625     0.000
   34     0.750     0.625     0.000
   35     0.875     0.625     0.000
   36     1.000     0.625     0.000
   37     0.000     0.500     0.000
   38     0.125     0.500     0.000
   39     0.250     0.500     0.000
   40     0.375     0.500     0.000
   41     0.500     0.500     0.000
   42     0.625     0.500     0.000
   43     0.750     0.500     0.000
   44     0.875     0.500     0.000
   45     1.000     0.500     0.000
   46     0.000     0.375     0.000
   47     0.125     0.375     0.000
   48     0.250     0.375     0.000
   49     0.375     0.375     0.000
   50     0.500     0.375     0.000
   51     0.625     0.375     0.000
   52     0.750     0.375     0.000
   53     0.875     0.375     0.000
   54     1.000     0.375     0.000
   55     0.000     0.250     0.000
   56     0.125     0.250     0.000
   57     0.250     0.250     0.000
   58     0.375     0.250     0.000
   59     0.500     0.250     0.000
   60     0.625     0.250     0.000
   61     0.750     0.250     0.000
   62     0.875     0.250     0.000
   63     1.000     0.250     0.000
   64     0.000     0.125     0.000
   65     0.125     0.125     0.000
   66     0.250     0.125     0.000
   67     0.375     0.125     0.000
   68     0.500     0.125     0.000
   69     0.625     0.125     0.000
   70     0.750     0.125     0.000
   71     0.875     0.125     0.000
   72     1.000     0.125     0.000
   73     0.000     0.000     0.000
   74     0.125     0.000     0.000
   75     0.250     0.000     0.000
   76     0.375     0.000     0.000
   77     0.500     0.000     0.000
   78     0.625     0.000     0.000
   79     0.750     0.000     0.000
   80     0.875     0.000     0.000
   81     1.000     0.000     0.000
    1    1   10   11    2    1
    2    2   11   12    3    1
    3    3   12   13    4    1
    4    4   13   14    5    1
    5    5   14   15    6    1
    6    6   15   16    7    1
    7    7   16   17    8    1
    8    8   17   18    9    1
    9   10   19   20   11    1
   10   11   20   21   12    1
   11   12   21   22   13    1
   12   13   22   23   14    1
   13   14   23   24   15    1
   14   15   24   25   16    1
   15   16   25   26   17    1
   16   17   26   27   18    1
   17   19   28   29   20    1
   18   20   29   30   21    1
   19   21   30   31   22    1
   20   22   31   32   23    1
   21   23   32   33   24    1
   22   24   33   34   25    1
   23   25   34   35   26    1
   24   26   35   36   27    1
   25   28   37   38   29    1
   26   29   38   39   30    1
   27   30   39   40   31    1
   28   31   40   41   32    1
   29   32   41   42   33    1
   30   33   42   43   34    1
   31   34   43   44   35    1
   32   35   44   45   36    1
   33   37   46   47   38    1
   34   38   47   48   39    1
   35   39   48   49   40    1
   36   40   49   50   41    1
   37   41   50   51   42    1
   38   42   51   52   43    1
   39   43   52   53   44    1
   40   44   53   54   45    1
   41   46   55   56   47    1
   42   47   56   57   48    1
   43   48   57   58   49    1
   44   49   58   59   50    1
   45   50   59   60   51    1
   46   51   60   61   52    1
   47   52   61   62   53    1
   48   53   62   63   54    1
   49   55   64   65   56    1
   50   56   65   66   57    1
   51   57   66   67   58    1
   52   58   67   68   59    1
   53   59   68   69   60    1
   54   60   69   70   61    1
   55   61   70   71   62    1
   56   62   71   72   63    1
   57   64   73   74   65    1
   58   65   74   75   66    1
   59   66   75   76   67    1
   60   67   76   77   68    1
   61   68   77   78   69    1
   62   69   78   79   70    1
   63   70   79   80   71    1
   64   71   80   81   72    1
    1    1    1
   10    1    1
   19    1    1
   28    1    1
   37    1    1
   46    1    1
   55    1    1
   64    1    1
   73    1    1
    0    0    0
    2     0.0 -1.25000E-01
    3     0.0 -1.25000E-01
    4     0.0 -1.25000E-01
    5     0.0 -1.25000E-01
    6     0.0 -1.25000E-01
    7     0.0 -1.25000E-01
    8     0.0 -1.25000E-01
    9     0.0 -6.25000E-02
    0     0.0      0.0
