   25   16    1    4    2    2
  1    3
  1.0  0.30
    1     0.000     1.000     0.000
    2     0.250     1.000     0.000
    3     0.500     1.000     0.000
    4     0.750     1.000     0.000
    5     1.000     1.000     0.000
    6     0.000     0.750     0.000
    7     0.250     0.750     0.000
    8     0.500     0.750     0.000
    9     0.750     0.750     0.000
   10     1.000     0.750     0.000
   11     0.000     0.500     0.000
   12     0.250     0.500     0.000
   13     0.500     0.500     0.000
   14     0.750     0.500     0.000
   15     1.000     0.500     0.000
   16     0.000     0.250     0.000
   17     0.250     0.250     0.000
   18     0.500     0.250     0.000
   19     0.750     0.250     0.000
   20     1.000     0.250     0.000
   21     0.000     0.000     0.000
   22     0.250     0.000     0.000
   23     0.500     0.000     0.000
   24     0.750     0.000     0.000
   25     1.000     0.000     0.000
    1    1    6    7    2    1
    2    2    7    8    3    1
    3    3    8    9    4    1
    4    4    9   10    5    1
    5    6   11   12    7    1
    6    7   12   13    8    1
    7    8   13   14    9    1
    8    9   14   15   10    1
    9   11   16   17   12    1
   10   12   17   18   13    1
   11   13   18   19   14    1
   12   14   19   20   15    1
   13   16   21   22   17    1
   14   17   22   23   18    1
   15   18   23   24   19    1
   16   19   24   25   20    1
    1    1    1
    6    1    1
   11    1    1
   16    1    1
   21    1    1
    0    0    0
    2     0.0 -2.50000E-01
    3     0.0 -2.50000E-01
    4     0.0 -2.50000E-01
    5     0.0 -1.25000E-01
    0     0.0      0.0
