   81  128    1    3    2    2
  1    1
  1.0  0.30
    1     0.000     1.000     0.000
    2     0.125     1.000     0.000
    3     0.250     1.000     0.000
    4     0.375     1.000     0.000
    5     0.500     1.000     0.000
    6     0.625     1.000     0.000
    7     0.750     1.000     0.000
    8     0.875     1.000     0.000
    9     1.000     1.000     0.000
   10     0.000     0.875     0.000
   11     0.125     0.875     0.000
   12     0.250     0.875     0.000
   13     0.375     0.875     0.000
   14     0.500     0.875     0.000
   15     0.625     0.875     0.000
   16     0.750     0.875     0.000
   17     0.875     0.875     0.000
   18     1.000     0.875     0.000
   19     0.000     0.750     0.000
   20     0.125     0.750     0.000
   21     0.250     0.750     0.000
   22     0.375     0.750     0.000
   23     0.500     0.750     0.000
   24     0.625     0.750     0.000
   25     0.750     0.750     0.000
   26     0.875     0.750     0.000
   27     1.000     0.750     0.000
   28     0.000     0.625     0.000
   29     0.125     0.625     0.000
   30     0.250     0.625     0.000
   31     0.375     0.625     0.000
   32     0.500     0.625     0.000
   33     0.625     0.625     0.000
   34     0.750     0.625     0.000
   35     0.875     0.625     0.000
   36     1.000     0.625     0.000
   37     0.000     0.500     0.000
   38     0.125     0.500     0.000
   39     0.250     0.500     0.000
   40     0.375     0.500     0.000
   41     0.500     0.500     0.000
   42     0.625     0.500     0.000
   43     0.750     0.500     0.000
   44     0.875     0.500     0.000
   45     1.000     0.500     0.000
   46     0.000     0.375     0.000
   47     0.125     0.375     0.000
   48     0.250     0.375     0.000
   49     0.375     0.375     0.000
   50     0.500     0.375     0.000
   51     0.625     0.375     0.000
   52     0.750     0.375     0.000
   53     0.875     0.375     0.000
   54     1.000     0.375     0.000
   55     0.000     0.250     0.000
   56     0.125     0.250     0.000
   57     0.250     0.250     0.000
   58     0.375     0.250     0.000
   59     0.500     0.250     0.000
   60     0.625     0.250     0.000
   61     0.750     0.250     0.000
   62     0.875     0.250     0.000
   63     1.000     0.250     0.000
   64     0.000     0.125     0.000
   65     0.125     0.125     0.000
   66     0.250     0.125     0.000
   67     0.375     0.125     0.000
   68     0.500     0.125     0.000
   69     0.625     0.125     0.000
   70     0.750     0.125     0.000
   71     0.875     0.125     0.000
   72     1.000     0.125     0.000
   73     0.000     0.000     0.000
   74     0.125     0.000     0.000
   75     0.250     0.000     0.000
   76     0.375     0.000     0.000
   77     0.500     0.000     0.000
   78     0.625     0.000     0.000
   79     0.750     0.000     0.000
   80     0.875     0.000     0.000
   81     1.000     0.000     0.000
    1    1   10   11    1
    2    1   11    2    1
    3    2   11   12    1
    4    2   12    3    1
    5    3   12   13    1
    6    3   13    4    1
    7    4   13   14    1
    8    4   14    5    1
    9    5   14   15    1
   10    5   15    6    1
   11    6   15   16    1
   12    6   16    7    1
   13    7   16   17    1
   14    7   17    8    1
   15    8   17   18    1
   16    8   18    9    1
   17   10   19   20    1
   18   10   20   11    1
   19   11   20   21    1
   20   11   21   12    1
   21   12   21   22    1
   22   12   22   13    1
   23   13   22   23    1
   24   13   23   14    1
   25   14   23   24    1
   26   14   24   15    1
   27   15   24   25    1
   28   15   25   16    1
   29   16   25   26    1
   30   16   26   17    1
   31   17   26   27    1
   32   17   27   18    1
   33   19   28   29    1
   34   19   29   20    1
   35   20   29   30    1
   36   20   30   21    1
   37   21   30   31    1
   38   21   31   22    1
   39   22   31   32    1
   40   22   32   23    1
   41   23   32   33    1
   42   23   33   24    1
   43   24   33   34    1
   44   24   34   25    1
   45   25   34   35    1
   46   25   35   26    1
   47   26   35   36    1
   48   26   36   27    1
   49   28   37   38    1
   50   28   38   29    1
   51   29   38   39    1
   52   29   39   30    1
   53   30   39   40    1
   54   30   40   31    1
   55   31   40   41    1
   56   31   41   32    1
   57   32   41   42    1
   58   32   42   33    1
   59   33   42   43    1
   60   33   43   34    1
   61   34   43   44    1
   62   34   44   35    1
   63   35   44   45    1
   64   35   45   36    1
   65   37   46   47    1
   66   37   47   38    1
   67   38   47   48    1
   68   38   48   39    1
   69   39   48   49    1
   70   39   49   40    1
   71   40   49   50    1
   72   40   50   41    1
   73   41   50   51    1
   74   41   51   42    1
   75   42   51   52    1
   76   42   52   43    1
   77   43   52   53    1
   78   43   53   44    1
   79   44   53   54    1
   80   44   54   45    1
   81   46   55   56    1
   82   46   56   47    1
   83   47   56   57    1
   84   47   57   48    1
   85   48   57   58    1
   86   48   58   49    1
   87   49   58   59    1
   88   49   59   50    1
   89   50   59   60    1
   90   50   60   51    1
   91   51   60   61    1
   92   51   61   52    1
   93   52   61   62    1
   94   52   62   53    1
   95   53   62   63    1
   96   53   63   54    1
   97   55   64   65    1
   98   55   65   56    1
   99   56   65   66    1
  100   56   66   57    1
  101   57   66   67    1
  102   57   67   58    1
  103   58   67   68    1
  104   58   68   59    1
  105   59   68   69    1
  106   59   69   60    1
  107   60   69   70    1
  108   60   70   61    1
  109   61   70   71    1
  110   61   71   62    1
  111   62   71   72    1
  112   62   72   63    1
  113   64   73   74    1
  114   64   74   65    1
  115   65   74   75    1
  116   65   75   66    1
  117   66   75   76    1
  118   66   76   67    1
  119   67   76   77    1
  120   67   77   68    1
  121   68   77   78    1
  122   68   78   69    1
  123   69   78   79    1
  124   69   79   70    1
  125   70   79   80    1
  126   70   80   71    1
  127   71   80   81    1
  128   71   81   72    1
    1    1    1
   10    1    1
   19    1    1
   28    1    1
   37    1    1
   46    1    1
   55    1    1
   64    1    1
   73    1    1
    0    0    0
    2     0.0 -1.25000E-01
    3     0.0 -1.25000E-01
    4     0.0 -1.25000E-01
    5     0.0 -1.25000E-01
    6     0.0 -1.25000E-01
    7     0.0 -1.25000E-01
    8     0.0 -1.25000E-01
    9     0.0 -6.25000E-02
    0     0.0      0.0
