 1089 2048    1    3    2    2
  1    1
  1.0  0.30
    1     0.000     1.000     0.000
    2     0.031     1.000     0.000
    3     0.062     1.000     0.000
    4     0.094     1.000     0.000
    5     0.125     1.000     0.000
    6     0.156     1.000     0.000
    7     0.188     1.000     0.000
    8     0.219     1.000     0.000
    9     0.250     1.000     0.000
   10     0.281     1.000     0.000
   11     0.312     1.000     0.000
   12     0.344     1.000     0.000
   13     0.375     1.000     0.000
   14     0.406     1.000     0.000
   15     0.438     1.000     0.000
   16     0.469     1.000     0.000
   17     0.500     1.000     0.000
   18     0.531     1.000     0.000
   19     0.562     1.000     0.000
   20     0.594     1.000     0.000
   21     0.625     1.000     0.000
   22     0.656     1.000     0.000
   23     0.688     1.000     0.000
   24     0.719     1.000     0.000
   25     0.750     1.000     0.000
   26     0.781     1.000     0.000
   27     0.812     1.000     0.000
   28     0.844     1.000     0.000
   29     0.875     1.000     0.000
   30     0.906     1.000     0.000
   31     0.938     1.000     0.000
   32     0.969     1.000     0.000
   33     1.000     1.000     0.000
   34     0.000     0.969     0.000
   35     0.031     0.969     0.000
   36     0.062     0.969     0.000
   37     0.094     0.969     0.000
   38     0.125     0.969     0.000
   39     0.156     0.969     0.000
   40     0.188     0.969     0.000
   41     0.219     0.969     0.000
   42     0.250     0.969     0.000
   43     0.281     0.969     0.000
   44     0.312     0.969     0.000
   45     0.344     0.969     0.000
   46     0.375     0.969     0.000
   47     0.406     0.969     0.000
   48     0.438     0.969     0.000
   49     0.469     0.969     0.000
   50     0.500     0.969     0.000
   51     0.531     0.969     0.000
   52     0.562     0.969     0.000
   53     0.594     0.969     0.000
   54     0.625     0.969     0.000
   55     0.656     0.969     0.000
   56     0.688     0.969     0.000
   57     0.719     0.969     0.000
   58     0.750     0.969     0.000
   59     0.781     0.969     0.000
   60     0.812     0.969     0.000
   61     0.844     0.969     0.000
   62     0.875     0.969     0.000
   63     0.906     0.969     0.000
   64     0.938     0.969     0.000
   65     0.969     0.969     0.000
   66     1.000     0.969     0.000
   67     0.000     0.938     0.000
   68     0.031     0.938     0.000
   69     0.062     0.938     0.000
   70     0.094     0.938     0.000
   71     0.125     0.938     0.000
   72     0.156     0.938     0.000
   73     0.188     0.938     0.000
   74     0.219     0.938     0.000
   75     0.250     0.938     0.000
   76     0.281     0.938     0.000
   77     0.312     0.938     0.000
   78     0.344     0.938     0.000
   79     0.375     0.938     0.000
   80     0.406     0.938     0.000
   81     0.438     0.938     0.000
   82     0.469     0.938     0.000
   83     0.500     0.938     0.000
   84     0.531     0.938     0.000
   85     0.562     0.938     0.000
   86     0.594     0.938     0.000
   87     0.625     0.938     0.000
   88     0.656     0.938     0.000
   89     0.688     0.938     0.000
   90     0.719     0.938     0.000
   91     0.750     0.938     0.000
   92     0.781     0.938     0.000
   93     0.812     0.938     0.000
   94     0.844     0.938     0.000
   95     0.875     0.938     0.000
   96     0.906     0.938     0.000
   97     0.938     0.938     0.000
   98     0.969     0.938     0.000
   99     1.000     0.938     0.000
  100     0.000     0.906     0.000
  101     0.031     0.906     0.000
  102     0.062     0.906     0.000
  103     0.094     0.906     0.000
  104     0.125     0.906     0.000
  105     0.156     0.906     0.000
  106     0.188     0.906     0.000
  107     0.219     0.906     0.000
  108     0.250     0.906     0.000
  109     0.281     0.906     0.000
  110     0.312     0.906     0.000
  111     0.344     0.906     0.000
  112     0.375     0.906     0.000
  113     0.406     0.906     0.000
  114     0.438     0.906     0.000
  115     0.469     0.906     0.000
  116     0.500     0.906     0.000
  117     0.531     0.906     0.000
  118     0.562     0.906     0.000
  119     0.594     0.906     0.000
  120     0.625     0.906     0.000
  121     0.656     0.906     0.000
  122     0.688     0.906     0.000
  123     0.719     0.906     0.000
  124     0.750     0.906     0.000
  125     0.781     0.906     0.000
  126     0.812     0.906     0.000
  127     0.844     0.906     0.000
  128     0.875     0.906     0.000
  129     0.906     0.906     0.000
  130     0.938     0.906     0.000
  131     0.969     0.906     0.000
  132     1.000     0.906     0.000
  133     0.000     0.875     0.000
  134     0.031     0.875     0.000
  135     0.062     0.875     0.000
  136     0.094     0.875     0.000
  137     0.125     0.875     0.000
  138     0.156     0.875     0.000
  139     0.188     0.875     0.000
  140     0.219     0.875     0.000
  141     0.250     0.875     0.000
  142     0.281     0.875     0.000
  143     0.312     0.875     0.000
  144     0.344     0.875     0.000
  145     0.375     0.875     0.000
  146     0.406     0.875     0.000
  147     0.438     0.875     0.000
  148     0.469     0.875     0.000
  149     0.500     0.875     0.000
  150     0.531     0.875     0.000
  151     0.562     0.875     0.000
  152     0.594     0.875     0.000
  153     0.625     0.875     0.000
  154     0.656     0.875     0.000
  155     0.688     0.875     0.000
  156     0.719     0.875     0.000
  157     0.750     0.875     0.000
  158     0.781     0.875     0.000
  159     0.812     0.875     0.000
  160     0.844     0.875     0.000
  161     0.875     0.875     0.000
  162     0.906     0.875     0.000
  163     0.938     0.875     0.000
  164     0.969     0.875     0.000
  165     1.000     0.875     0.000
  166     0.000     0.844     0.000
  167     0.031     0.844     0.000
  168     0.062     0.844     0.000
  169     0.094     0.844     0.000
  170     0.125     0.844     0.000
  171     0.156     0.844     0.000
  172     0.188     0.844     0.000
  173     0.219     0.844     0.000
  174     0.250     0.844     0.000
  175     0.281     0.844     0.000
  176     0.312     0.844     0.000
  177     0.344     0.844     0.000
  178     0.375     0.844     0.000
  179     0.406     0.844     0.000
  180     0.438     0.844     0.000
  181     0.469     0.844     0.000
  182     0.500     0.844     0.000
  183     0.531     0.844     0.000
  184     0.562     0.844     0.000
  185     0.594     0.844     0.000
  186     0.625     0.844     0.000
  187     0.656     0.844     0.000
  188     0.688     0.844     0.000
  189     0.719     0.844     0.000
  190     0.750     0.844     0.000
  191     0.781     0.844     0.000
  192     0.812     0.844     0.000
  193     0.844     0.844     0.000
  194     0.875     0.844     0.000
  195     0.906     0.844     0.000
  196     0.938     0.844     0.000
  197     0.969     0.844     0.000
  198     1.000     0.844     0.000
  199     0.000     0.812     0.000
  200     0.031     0.812     0.000
  201     0.062     0.812     0.000
  202     0.094     0.812     0.000
  203     0.125     0.812     0.000
  204     0.156     0.812     0.000
  205     0.188     0.812     0.000
  206     0.219     0.812     0.000
  207     0.250     0.812     0.000
  208     0.281     0.812     0.000
  209     0.312     0.812     0.000
  210     0.344     0.812     0.000
  211     0.375     0.812     0.000
  212     0.406     0.812     0.000
  213     0.438     0.812     0.000
  214     0.469     0.812     0.000
  215     0.500     0.812     0.000
  216     0.531     0.812     0.000
  217     0.562     0.812     0.000
  218     0.594     0.812     0.000
  219     0.625     0.812     0.000
  220     0.656     0.812     0.000
  221     0.688     0.812     0.000
  222     0.719     0.812     0.000
  223     0.750     0.812     0.000
  224     0.781     0.812     0.000
  225     0.812     0.812     0.000
  226     0.844     0.812     0.000
  227     0.875     0.812     0.000
  228     0.906     0.812     0.000
  229     0.938     0.812     0.000
  230     0.969     0.812     0.000
  231     1.000     0.812     0.000
  232     0.000     0.781     0.000
  233     0.031     0.781     0.000
  234     0.062     0.781     0.000
  235     0.094     0.781     0.000
  236     0.125     0.781     0.000
  237     0.156     0.781     0.000
  238     0.188     0.781     0.000
  239     0.219     0.781     0.000
  240     0.250     0.781     0.000
  241     0.281     0.781     0.000
  242     0.312     0.781     0.000
  243     0.344     0.781     0.000
  244     0.375     0.781     0.000
  245     0.406     0.781     0.000
  246     0.438     0.781     0.000
  247     0.469     0.781     0.000
  248     0.500     0.781     0.000
  249     0.531     0.781     0.000
  250     0.562     0.781     0.000
  251     0.594     0.781     0.000
  252     0.625     0.781     0.000
  253     0.656     0.781     0.000
  254     0.688     0.781     0.000
  255     0.719     0.781     0.000
  256     0.750     0.781     0.000
  257     0.781     0.781     0.000
  258     0.812     0.781     0.000
  259     0.844     0.781     0.000
  260     0.875     0.781     0.000
  261     0.906     0.781     0.000
  262     0.938     0.781     0.000
  263     0.969     0.781     0.000
  264     1.000     0.781     0.000
  265     0.000     0.750     0.000
  266     0.031     0.750     0.000
  267     0.062     0.750     0.000
  268     0.094     0.750     0.000
  269     0.125     0.750     0.000
  270     0.156     0.750     0.000
  271     0.188     0.750     0.000
  272     0.219     0.750     0.000
  273     0.250     0.750     0.000
  274     0.281     0.750     0.000
  275     0.312     0.750     0.000
  276     0.344     0.750     0.000
  277     0.375     0.750     0.000
  278     0.406     0.750     0.000
  279     0.438     0.750     0.000
  280     0.469     0.750     0.000
  281     0.500     0.750     0.000
  282     0.531     0.750     0.000
  283     0.562     0.750     0.000
  284     0.594     0.750     0.000
  285     0.625     0.750     0.000
  286     0.656     0.750     0.000
  287     0.688     0.750     0.000
  288     0.719     0.750     0.000
  289     0.750     0.750     0.000
  290     0.781     0.750     0.000
  291     0.812     0.750     0.000
  292     0.844     0.750     0.000
  293     0.875     0.750     0.000
  294     0.906     0.750     0.000
  295     0.938     0.750     0.000
  296     0.969     0.750     0.000
  297     1.000     0.750     0.000
  298     0.000     0.719     0.000
  299     0.031     0.719     0.000
  300     0.062     0.719     0.000
  301     0.094     0.719     0.000
  302     0.125     0.719     0.000
  303     0.156     0.719     0.000
  304     0.188     0.719     0.000
  305     0.219     0.719     0.000
  306     0.250     0.719     0.000
  307     0.281     0.719     0.000
  308     0.312     0.719     0.000
  309     0.344     0.719     0.000
  310     0.375     0.719     0.000
  311     0.406     0.719     0.000
  312     0.438     0.719     0.000
  313     0.469     0.719     0.000
  314     0.500     0.719     0.000
  315     0.531     0.719     0.000
  316     0.562     0.719     0.000
  317     0.594     0.719     0.000
  318     0.625     0.719     0.000
  319     0.656     0.719     0.000
  320     0.688     0.719     0.000
  321     0.719     0.719     0.000
  322     0.750     0.719     0.000
  323     0.781     0.719     0.000
  324     0.812     0.719     0.000
  325     0.844     0.719     0.000
  326     0.875     0.719     0.000
  327     0.906     0.719     0.000
  328     0.938     0.719     0.000
  329     0.969     0.719     0.000
  330     1.000     0.719     0.000
  331     0.000     0.688     0.000
  332     0.031     0.688     0.000
  333     0.062     0.688     0.000
  334     0.094     0.688     0.000
  335     0.125     0.688     0.000
  336     0.156     0.688     0.000
  337     0.188     0.688     0.000
  338     0.219     0.688     0.000
  339     0.250     0.688     0.000
  340     0.281     0.688     0.000
  341     0.312     0.688     0.000
  342     0.344     0.688     0.000
  343     0.375     0.688     0.000
  344     0.406     0.688     0.000
  345     0.438     0.688     0.000
  346     0.469     0.688     0.000
  347     0.500     0.688     0.000
  348     0.531     0.688     0.000
  349     0.562     0.688     0.000
  350     0.594     0.688     0.000
  351     0.625     0.688     0.000
  352     0.656     0.688     0.000
  353     0.688     0.688     0.000
  354     0.719     0.688     0.000
  355     0.750     0.688     0.000
  356     0.781     0.688     0.000
  357     0.812     0.688     0.000
  358     0.844     0.688     0.000
  359     0.875     0.688     0.000
  360     0.906     0.688     0.000
  361     0.938     0.688     0.000
  362     0.969     0.688     0.000
  363     1.000     0.688     0.000
  364     0.000     0.656     0.000
  365     0.031     0.656     0.000
  366     0.062     0.656     0.000
  367     0.094     0.656     0.000
  368     0.125     0.656     0.000
  369     0.156     0.656     0.000
  370     0.188     0.656     0.000
  371     0.219     0.656     0.000
  372     0.250     0.656     0.000
  373     0.281     0.656     0.000
  374     0.312     0.656     0.000
  375     0.344     0.656     0.000
  376     0.375     0.656     0.000
  377     0.406     0.656     0.000
  378     0.438     0.656     0.000
  379     0.469     0.656     0.000
  380     0.500     0.656     0.000
  381     0.531     0.656     0.000
  382     0.562     0.656     0.000
  383     0.594     0.656     0.000
  384     0.625     0.656     0.000
  385     0.656     0.656     0.000
  386     0.688     0.656     0.000
  387     0.719     0.656     0.000
  388     0.750     0.656     0.000
  389     0.781     0.656     0.000
  390     0.812     0.656     0.000
  391     0.844     0.656     0.000
  392     0.875     0.656     0.000
  393     0.906     0.656     0.000
  394     0.938     0.656     0.000
  395     0.969     0.656     0.000
  396     1.000     0.656     0.000
  397     0.000     0.625     0.000
  398     0.031     0.625     0.000
  399     0.062     0.625     0.000
  400     0.094     0.625     0.000
  401     0.125     0.625     0.000
  402     0.156     0.625     0.000
  403     0.188     0.625     0.000
  404     0.219     0.625     0.000
  405     0.250     0.625     0.000
  406     0.281     0.625     0.000
  407     0.312     0.625     0.000
  408     0.344     0.625     0.000
  409     0.375     0.625     0.000
  410     0.406     0.625     0.000
  411     0.438     0.625     0.000
  412     0.469     0.625     0.000
  413     0.500     0.625     0.000
  414     0.531     0.625     0.000
  415     0.562     0.625     0.000
  416     0.594     0.625     0.000
  417     0.625     0.625     0.000
  418     0.656     0.625     0.000
  419     0.688     0.625     0.000
  420     0.719     0.625     0.000
  421     0.750     0.625     0.000
  422     0.781     0.625     0.000
  423     0.812     0.625     0.000
  424     0.844     0.625     0.000
  425     0.875     0.625     0.000
  426     0.906     0.625     0.000
  427     0.938     0.625     0.000
  428     0.969     0.625     0.000
  429     1.000     0.625     0.000
  430     0.000     0.594     0.000
  431     0.031     0.594     0.000
  432     0.062     0.594     0.000
  433     0.094     0.594     0.000
  434     0.125     0.594     0.000
  435     0.156     0.594     0.000
  436     0.188     0.594     0.000
  437     0.219     0.594     0.000
  438     0.250     0.594     0.000
  439     0.281     0.594     0.000
  440     0.312     0.594     0.000
  441     0.344     0.594     0.000
  442     0.375     0.594     0.000
  443     0.406     0.594     0.000
  444     0.438     0.594     0.000
  445     0.469     0.594     0.000
  446     0.500     0.594     0.000
  447     0.531     0.594     0.000
  448     0.562     0.594     0.000
  449     0.594     0.594     0.000
  450     0.625     0.594     0.000
  451     0.656     0.594     0.000
  452     0.688     0.594     0.000
  453     0.719     0.594     0.000
  454     0.750     0.594     0.000
  455     0.781     0.594     0.000
  456     0.812     0.594     0.000
  457     0.844     0.594     0.000
  458     0.875     0.594     0.000
  459     0.906     0.594     0.000
  460     0.938     0.594     0.000
  461     0.969     0.594     0.000
  462     1.000     0.594     0.000
  463     0.000     0.562     0.000
  464     0.031     0.562     0.000
  465     0.062     0.562     0.000
  466     0.094     0.562     0.000
  467     0.125     0.562     0.000
  468     0.156     0.562     0.000
  469     0.188     0.562     0.000
  470     0.219     0.562     0.000
  471     0.250     0.562     0.000
  472     0.281     0.562     0.000
  473     0.312     0.562     0.000
  474     0.344     0.562     0.000
  475     0.375     0.562     0.000
  476     0.406     0.562     0.000
  477     0.438     0.562     0.000
  478     0.469     0.562     0.000
  479     0.500     0.562     0.000
  480     0.531     0.562     0.000
  481     0.562     0.562     0.000
  482     0.594     0.562     0.000
  483     0.625     0.562     0.000
  484     0.656     0.562     0.000
  485     0.688     0.562     0.000
  486     0.719     0.562     0.000
  487     0.750     0.562     0.000
  488     0.781     0.562     0.000
  489     0.812     0.562     0.000
  490     0.844     0.562     0.000
  491     0.875     0.562     0.000
  492     0.906     0.562     0.000
  493     0.938     0.562     0.000
  494     0.969     0.562     0.000
  495     1.000     0.562     0.000
  496     0.000     0.531     0.000
  497     0.031     0.531     0.000
  498     0.062     0.531     0.000
  499     0.094     0.531     0.000
  500     0.125     0.531     0.000
  501     0.156     0.531     0.000
  502     0.188     0.531     0.000
  503     0.219     0.531     0.000
  504     0.250     0.531     0.000
  505     0.281     0.531     0.000
  506     0.312     0.531     0.000
  507     0.344     0.531     0.000
  508     0.375     0.531     0.000
  509     0.406     0.531     0.000
  510     0.438     0.531     0.000
  511     0.469     0.531     0.000
  512     0.500     0.531     0.000
  513     0.531     0.531     0.000
  514     0.562     0.531     0.000
  515     0.594     0.531     0.000
  516     0.625     0.531     0.000
  517     0.656     0.531     0.000
  518     0.688     0.531     0.000
  519     0.719     0.531     0.000
  520     0.750     0.531     0.000
  521     0.781     0.531     0.000
  522     0.812     0.531     0.000
  523     0.844     0.531     0.000
  524     0.875     0.531     0.000
  525     0.906     0.531     0.000
  526     0.938     0.531     0.000
  527     0.969     0.531     0.000
  528     1.000     0.531     0.000
  529     0.000     0.500     0.000
  530     0.031     0.500     0.000
  531     0.062     0.500     0.000
  532     0.094     0.500     0.000
  533     0.125     0.500     0.000
  534     0.156     0.500     0.000
  535     0.188     0.500     0.000
  536     0.219     0.500     0.000
  537     0.250     0.500     0.000
  538     0.281     0.500     0.000
  539     0.312     0.500     0.000
  540     0.344     0.500     0.000
  541     0.375     0.500     0.000
  542     0.406     0.500     0.000
  543     0.438     0.500     0.000
  544     0.469     0.500     0.000
  545     0.500     0.500     0.000
  546     0.531     0.500     0.000
  547     0.562     0.500     0.000
  548     0.594     0.500     0.000
  549     0.625     0.500     0.000
  550     0.656     0.500     0.000
  551     0.688     0.500     0.000
  552     0.719     0.500     0.000
  553     0.750     0.500     0.000
  554     0.781     0.500     0.000
  555     0.812     0.500     0.000
  556     0.844     0.500     0.000
  557     0.875     0.500     0.000
  558     0.906     0.500     0.000
  559     0.938     0.500     0.000
  560     0.969     0.500     0.000
  561     1.000     0.500     0.000
  562     0.000     0.469     0.000
  563     0.031     0.469     0.000
  564     0.062     0.469     0.000
  565     0.094     0.469     0.000
  566     0.125     0.469     0.000
  567     0.156     0.469     0.000
  568     0.188     0.469     0.000
  569     0.219     0.469     0.000
  570     0.250     0.469     0.000
  571     0.281     0.469     0.000
  572     0.312     0.469     0.000
  573     0.344     0.469     0.000
  574     0.375     0.469     0.000
  575     0.406     0.469     0.000
  576     0.438     0.469     0.000
  577     0.469     0.469     0.000
  578     0.500     0.469     0.000
  579     0.531     0.469     0.000
  580     0.562     0.469     0.000
  581     0.594     0.469     0.000
  582     0.625     0.469     0.000
  583     0.656     0.469     0.000
  584     0.688     0.469     0.000
  585     0.719     0.469     0.000
  586     0.750     0.469     0.000
  587     0.781     0.469     0.000
  588     0.812     0.469     0.000
  589     0.844     0.469     0.000
  590     0.875     0.469     0.000
  591     0.906     0.469     0.000
  592     0.938     0.469     0.000
  593     0.969     0.469     0.000
  594     1.000     0.469     0.000
  595     0.000     0.438     0.000
  596     0.031     0.438     0.000
  597     0.062     0.438     0.000
  598     0.094     0.438     0.000
  599     0.125     0.438     0.000
  600     0.156     0.438     0.000
  601     0.188     0.438     0.000
  602     0.219     0.438     0.000
  603     0.250     0.438     0.000
  604     0.281     0.438     0.000
  605     0.312     0.438     0.000
  606     0.344     0.438     0.000
  607     0.375     0.438     0.000
  608     0.406     0.438     0.000
  609     0.438     0.438     0.000
  610     0.469     0.438     0.000
  611     0.500     0.438     0.000
  612     0.531     0.438     0.000
  613     0.562     0.438     0.000
  614     0.594     0.438     0.000
  615     0.625     0.438     0.000
  616     0.656     0.438     0.000
  617     0.688     0.438     0.000
  618     0.719     0.438     0.000
  619     0.750     0.438     0.000
  620     0.781     0.438     0.000
  621     0.812     0.438     0.000
  622     0.844     0.438     0.000
  623     0.875     0.438     0.000
  624     0.906     0.438     0.000
  625     0.938     0.438     0.000
  626     0.969     0.438     0.000
  627     1.000     0.438     0.000
  628     0.000     0.406     0.000
  629     0.031     0.406     0.000
  630     0.062     0.406     0.000
  631     0.094     0.406     0.000
  632     0.125     0.406     0.000
  633     0.156     0.406     0.000
  634     0.188     0.406     0.000
  635     0.219     0.406     0.000
  636     0.250     0.406     0.000
  637     0.281     0.406     0.000
  638     0.312     0.406     0.000
  639     0.344     0.406     0.000
  640     0.375     0.406     0.000
  641     0.406     0.406     0.000
  642     0.438     0.406     0.000
  643     0.469     0.406     0.000
  644     0.500     0.406     0.000
  645     0.531     0.406     0.000
  646     0.562     0.406     0.000
  647     0.594     0.406     0.000
  648     0.625     0.406     0.000
  649     0.656     0.406     0.000
  650     0.688     0.406     0.000
  651     0.719     0.406     0.000
  652     0.750     0.406     0.000
  653     0.781     0.406     0.000
  654     0.812     0.406     0.000
  655     0.844     0.406     0.000
  656     0.875     0.406     0.000
  657     0.906     0.406     0.000
  658     0.938     0.406     0.000
  659     0.969     0.406     0.000
  660     1.000     0.406     0.000
  661     0.000     0.375     0.000
  662     0.031     0.375     0.000
  663     0.062     0.375     0.000
  664     0.094     0.375     0.000
  665     0.125     0.375     0.000
  666     0.156     0.375     0.000
  667     0.188     0.375     0.000
  668     0.219     0.375     0.000
  669     0.250     0.375     0.000
  670     0.281     0.375     0.000
  671     0.312     0.375     0.000
  672     0.344     0.375     0.000
  673     0.375     0.375     0.000
  674     0.406     0.375     0.000
  675     0.438     0.375     0.000
  676     0.469     0.375     0.000
  677     0.500     0.375     0.000
  678     0.531     0.375     0.000
  679     0.562     0.375     0.000
  680     0.594     0.375     0.000
  681     0.625     0.375     0.000
  682     0.656     0.375     0.000
  683     0.688     0.375     0.000
  684     0.719     0.375     0.000
  685     0.750     0.375     0.000
  686     0.781     0.375     0.000
  687     0.812     0.375     0.000
  688     0.844     0.375     0.000
  689     0.875     0.375     0.000
  690     0.906     0.375     0.000
  691     0.938     0.375     0.000
  692     0.969     0.375     0.000
  693     1.000     0.375     0.000
  694     0.000     0.344     0.000
  695     0.031     0.344     0.000
  696     0.062     0.344     0.000
  697     0.094     0.344     0.000
  698     0.125     0.344     0.000
  699     0.156     0.344     0.000
  700     0.188     0.344     0.000
  701     0.219     0.344     0.000
  702     0.250     0.344     0.000
  703     0.281     0.344     0.000
  704     0.312     0.344     0.000
  705     0.344     0.344     0.000
  706     0.375     0.344     0.000
  707     0.406     0.344     0.000
  708     0.438     0.344     0.000
  709     0.469     0.344     0.000
  710     0.500     0.344     0.000
  711     0.531     0.344     0.000
  712     0.562     0.344     0.000
  713     0.594     0.344     0.000
  714     0.625     0.344     0.000
  715     0.656     0.344     0.000
  716     0.688     0.344     0.000
  717     0.719     0.344     0.000
  718     0.750     0.344     0.000
  719     0.781     0.344     0.000
  720     0.812     0.344     0.000
  721     0.844     0.344     0.000
  722     0.875     0.344     0.000
  723     0.906     0.344     0.000
  724     0.938     0.344     0.000
  725     0.969     0.344     0.000
  726     1.000     0.344     0.000
  727     0.000     0.312     0.000
  728     0.031     0.312     0.000
  729     0.062     0.312     0.000
  730     0.094     0.312     0.000
  731     0.125     0.312     0.000
  732     0.156     0.312     0.000
  733     0.188     0.312     0.000
  734     0.219     0.312     0.000
  735     0.250     0.312     0.000
  736     0.281     0.312     0.000
  737     0.312     0.312     0.000
  738     0.344     0.312     0.000
  739     0.375     0.312     0.000
  740     0.406     0.312     0.000
  741     0.438     0.312     0.000
  742     0.469     0.312     0.000
  743     0.500     0.312     0.000
  744     0.531     0.312     0.000
  745     0.562     0.312     0.000
  746     0.594     0.312     0.000
  747     0.625     0.312     0.000
  748     0.656     0.312     0.000
  749     0.688     0.312     0.000
  750     0.719     0.312     0.000
  751     0.750     0.312     0.000
  752     0.781     0.312     0.000
  753     0.812     0.312     0.000
  754     0.844     0.312     0.000
  755     0.875     0.312     0.000
  756     0.906     0.312     0.000
  757     0.938     0.312     0.000
  758     0.969     0.312     0.000
  759     1.000     0.312     0.000
  760     0.000     0.281     0.000
  761     0.031     0.281     0.000
  762     0.062     0.281     0.000
  763     0.094     0.281     0.000
  764     0.125     0.281     0.000
  765     0.156     0.281     0.000
  766     0.188     0.281     0.000
  767     0.219     0.281     0.000
  768     0.250     0.281     0.000
  769     0.281     0.281     0.000
  770     0.312     0.281     0.000
  771     0.344     0.281     0.000
  772     0.375     0.281     0.000
  773     0.406     0.281     0.000
  774     0.438     0.281     0.000
  775     0.469     0.281     0.000
  776     0.500     0.281     0.000
  777     0.531     0.281     0.000
  778     0.562     0.281     0.000
  779     0.594     0.281     0.000
  780     0.625     0.281     0.000
  781     0.656     0.281     0.000
  782     0.688     0.281     0.000
  783     0.719     0.281     0.000
  784     0.750     0.281     0.000
  785     0.781     0.281     0.000
  786     0.812     0.281     0.000
  787     0.844     0.281     0.000
  788     0.875     0.281     0.000
  789     0.906     0.281     0.000
  790     0.938     0.281     0.000
  791     0.969     0.281     0.000
  792     1.000     0.281     0.000
  793     0.000     0.250     0.000
  794     0.031     0.250     0.000
  795     0.062     0.250     0.000
  796     0.094     0.250     0.000
  797     0.125     0.250     0.000
  798     0.156     0.250     0.000
  799     0.188     0.250     0.000
  800     0.219     0.250     0.000
  801     0.250     0.250     0.000
  802     0.281     0.250     0.000
  803     0.312     0.250     0.000
  804     0.344     0.250     0.000
  805     0.375     0.250     0.000
  806     0.406     0.250     0.000
  807     0.438     0.250     0.000
  808     0.469     0.250     0.000
  809     0.500     0.250     0.000
  810     0.531     0.250     0.000
  811     0.562     0.250     0.000
  812     0.594     0.250     0.000
  813     0.625     0.250     0.000
  814     0.656     0.250     0.000
  815     0.688     0.250     0.000
  816     0.719     0.250     0.000
  817     0.750     0.250     0.000
  818     0.781     0.250     0.000
  819     0.812     0.250     0.000
  820     0.844     0.250     0.000
  821     0.875     0.250     0.000
  822     0.906     0.250     0.000
  823     0.938     0.250     0.000
  824     0.969     0.250     0.000
  825     1.000     0.250     0.000
  826     0.000     0.219     0.000
  827     0.031     0.219     0.000
  828     0.062     0.219     0.000
  829     0.094     0.219     0.000
  830     0.125     0.219     0.000
  831     0.156     0.219     0.000
  832     0.188     0.219     0.000
  833     0.219     0.219     0.000
  834     0.250     0.219     0.000
  835     0.281     0.219     0.000
  836     0.312     0.219     0.000
  837     0.344     0.219     0.000
  838     0.375     0.219     0.000
  839     0.406     0.219     0.000
  840     0.438     0.219     0.000
  841     0.469     0.219     0.000
  842     0.500     0.219     0.000
  843     0.531     0.219     0.000
  844     0.562     0.219     0.000
  845     0.594     0.219     0.000
  846     0.625     0.219     0.000
  847     0.656     0.219     0.000
  848     0.688     0.219     0.000
  849     0.719     0.219     0.000
  850     0.750     0.219     0.000
  851     0.781     0.219     0.000
  852     0.812     0.219     0.000
  853     0.844     0.219     0.000
  854     0.875     0.219     0.000
  855     0.906     0.219     0.000
  856     0.938     0.219     0.000
  857     0.969     0.219     0.000
  858     1.000     0.219     0.000
  859     0.000     0.188     0.000
  860     0.031     0.188     0.000
  861     0.062     0.188     0.000
  862     0.094     0.188     0.000
  863     0.125     0.188     0.000
  864     0.156     0.188     0.000
  865     0.188     0.188     0.000
  866     0.219     0.188     0.000
  867     0.250     0.188     0.000
  868     0.281     0.188     0.000
  869     0.312     0.188     0.000
  870     0.344     0.188     0.000
  871     0.375     0.188     0.000
  872     0.406     0.188     0.000
  873     0.438     0.188     0.000
  874     0.469     0.188     0.000
  875     0.500     0.188     0.000
  876     0.531     0.188     0.000
  877     0.562     0.188     0.000
  878     0.594     0.188     0.000
  879     0.625     0.188     0.000
  880     0.656     0.188     0.000
  881     0.688     0.188     0.000
  882     0.719     0.188     0.000
  883     0.750     0.188     0.000
  884     0.781     0.188     0.000
  885     0.812     0.188     0.000
  886     0.844     0.188     0.000
  887     0.875     0.188     0.000
  888     0.906     0.188     0.000
  889     0.938     0.188     0.000
  890     0.969     0.188     0.000
  891     1.000     0.188     0.000
  892     0.000     0.156     0.000
  893     0.031     0.156     0.000
  894     0.062     0.156     0.000
  895     0.094     0.156     0.000
  896     0.125     0.156     0.000
  897     0.156     0.156     0.000
  898     0.188     0.156     0.000
  899     0.219     0.156     0.000
  900     0.250     0.156     0.000
  901     0.281     0.156     0.000
  902     0.312     0.156     0.000
  903     0.344     0.156     0.000
  904     0.375     0.156     0.000
  905     0.406     0.156     0.000
  906     0.438     0.156     0.000
  907     0.469     0.156     0.000
  908     0.500     0.156     0.000
  909     0.531     0.156     0.000
  910     0.562     0.156     0.000
  911     0.594     0.156     0.000
  912     0.625     0.156     0.000
  913     0.656     0.156     0.000
  914     0.688     0.156     0.000
  915     0.719     0.156     0.000
  916     0.750     0.156     0.000
  917     0.781     0.156     0.000
  918     0.812     0.156     0.000
  919     0.844     0.156     0.000
  920     0.875     0.156     0.000
  921     0.906     0.156     0.000
  922     0.938     0.156     0.000
  923     0.969     0.156     0.000
  924     1.000     0.156     0.000
  925     0.000     0.125     0.000
  926     0.031     0.125     0.000
  927     0.062     0.125     0.000
  928     0.094     0.125     0.000
  929     0.125     0.125     0.000
  930     0.156     0.125     0.000
  931     0.188     0.125     0.000
  932     0.219     0.125     0.000
  933     0.250     0.125     0.000
  934     0.281     0.125     0.000
  935     0.312     0.125     0.000
  936     0.344     0.125     0.000
  937     0.375     0.125     0.000
  938     0.406     0.125     0.000
  939     0.438     0.125     0.000
  940     0.469     0.125     0.000
  941     0.500     0.125     0.000
  942     0.531     0.125     0.000
  943     0.562     0.125     0.000
  944     0.594     0.125     0.000
  945     0.625     0.125     0.000
  946     0.656     0.125     0.000
  947     0.688     0.125     0.000
  948     0.719     0.125     0.000
  949     0.750     0.125     0.000
  950     0.781     0.125     0.000
  951     0.812     0.125     0.000
  952     0.844     0.125     0.000
  953     0.875     0.125     0.000
  954     0.906     0.125     0.000
  955     0.938     0.125     0.000
  956     0.969     0.125     0.000
  957     1.000     0.125     0.000
  958     0.000     0.094     0.000
  959     0.031     0.094     0.000
  960     0.062     0.094     0.000
  961     0.094     0.094     0.000
  962     0.125     0.094     0.000
  963     0.156     0.094     0.000
  964     0.188     0.094     0.000
  965     0.219     0.094     0.000
  966     0.250     0.094     0.000
  967     0.281     0.094     0.000
  968     0.312     0.094     0.000
  969     0.344     0.094     0.000
  970     0.375     0.094     0.000
  971     0.406     0.094     0.000
  972     0.438     0.094     0.000
  973     0.469     0.094     0.000
  974     0.500     0.094     0.000
  975     0.531     0.094     0.000
  976     0.562     0.094     0.000
  977     0.594     0.094     0.000
  978     0.625     0.094     0.000
  979     0.656     0.094     0.000
  980     0.688     0.094     0.000
  981     0.719     0.094     0.000
  982     0.750     0.094     0.000
  983     0.781     0.094     0.000
  984     0.812     0.094     0.000
  985     0.844     0.094     0.000
  986     0.875     0.094     0.000
  987     0.906     0.094     0.000
  988     0.938     0.094     0.000
  989     0.969     0.094     0.000
  990     1.000     0.094     0.000
  991     0.000     0.062     0.000
  992     0.031     0.062     0.000
  993     0.062     0.062     0.000
  994     0.094     0.062     0.000
  995     0.125     0.062     0.000
  996     0.156     0.062     0.000
  997     0.188     0.062     0.000
  998     0.219     0.062     0.000
  999     0.250     0.062     0.000
 1000     0.281     0.062     0.000
 1001     0.312     0.062     0.000
 1002     0.344     0.062     0.000
 1003     0.375     0.062     0.000
 1004     0.406     0.062     0.000
 1005     0.438     0.062     0.000
 1006     0.469     0.062     0.000
 1007     0.500     0.062     0.000
 1008     0.531     0.062     0.000
 1009     0.562     0.062     0.000
 1010     0.594     0.062     0.000
 1011     0.625     0.062     0.000
 1012     0.656     0.062     0.000
 1013     0.688     0.062     0.000
 1014     0.719     0.062     0.000
 1015     0.750     0.062     0.000
 1016     0.781     0.062     0.000
 1017     0.812     0.062     0.000
 1018     0.844     0.062     0.000
 1019     0.875     0.062     0.000
 1020     0.906     0.062     0.000
 1021     0.938     0.062     0.000
 1022     0.969     0.062     0.000
 1023     1.000     0.062     0.000
 1024     0.000     0.031     0.000
 1025     0.031     0.031     0.000
 1026     0.062     0.031     0.000
 1027     0.094     0.031     0.000
 1028     0.125     0.031     0.000
 1029     0.156     0.031     0.000
 1030     0.188     0.031     0.000
 1031     0.219     0.031     0.000
 1032     0.250     0.031     0.000
 1033     0.281     0.031     0.000
 1034     0.312     0.031     0.000
 1035     0.344     0.031     0.000
 1036     0.375     0.031     0.000
 1037     0.406     0.031     0.000
 1038     0.438     0.031     0.000
 1039     0.469     0.031     0.000
 1040     0.500     0.031     0.000
 1041     0.531     0.031     0.000
 1042     0.562     0.031     0.000
 1043     0.594     0.031     0.000
 1044     0.625     0.031     0.000
 1045     0.656     0.031     0.000
 1046     0.688     0.031     0.000
 1047     0.719     0.031     0.000
 1048     0.750     0.031     0.000
 1049     0.781     0.031     0.000
 1050     0.812     0.031     0.000
 1051     0.844     0.031     0.000
 1052     0.875     0.031     0.000
 1053     0.906     0.031     0.000
 1054     0.938     0.031     0.000
 1055     0.969     0.031     0.000
 1056     1.000     0.031     0.000
 1057     0.000     0.000     0.000
 1058     0.031     0.000     0.000
 1059     0.062     0.000     0.000
 1060     0.094     0.000     0.000
 1061     0.125     0.000     0.000
 1062     0.156     0.000     0.000
 1063     0.188     0.000     0.000
 1064     0.219     0.000     0.000
 1065     0.250     0.000     0.000
 1066     0.281     0.000     0.000
 1067     0.312     0.000     0.000
 1068     0.344     0.000     0.000
 1069     0.375     0.000     0.000
 1070     0.406     0.000     0.000
 1071     0.438     0.000     0.000
 1072     0.469     0.000     0.000
 1073     0.500     0.000     0.000
 1074     0.531     0.000     0.000
 1075     0.562     0.000     0.000
 1076     0.594     0.000     0.000
 1077     0.625     0.000     0.000
 1078     0.656     0.000     0.000
 1079     0.688     0.000     0.000
 1080     0.719     0.000     0.000
 1081     0.750     0.000     0.000
 1082     0.781     0.000     0.000
 1083     0.812     0.000     0.000
 1084     0.844     0.000     0.000
 1085     0.875     0.000     0.000
 1086     0.906     0.000     0.000
 1087     0.938     0.000     0.000
 1088     0.969     0.000     0.000
 1089     1.000     0.000     0.000
    1    1   34   35    1
    2    1   35    2    1
    3    2   35   36    1
    4    2   36    3    1
    5    3   36   37    1
    6    3   37    4    1
    7    4   37   38    1
    8    4   38    5    1
    9    5   38   39    1
   10    5   39    6    1
   11    6   39   40    1
   12    6   40    7    1
   13    7   40   41    1
   14    7   41    8    1
   15    8   41   42    1
   16    8   42    9    1
   17    9   42   43    1
   18    9   43   10    1
   19   10   43   44    1
   20   10   44   11    1
   21   11   44   45    1
   22   11   45   12    1
   23   12   45   46    1
   24   12   46   13    1
   25   13   46   47    1
   26   13   47   14    1
   27   14   47   48    1
   28   14   48   15    1
   29   15   48   49    1
   30   15   49   16    1
   31   16   49   50    1
   32   16   50   17    1
   33   17   50   51    1
   34   17   51   18    1
   35   18   51   52    1
   36   18   52   19    1
   37   19   52   53    1
   38   19   53   20    1
   39   20   53   54    1
   40   20   54   21    1
   41   21   54   55    1
   42   21   55   22    1
   43   22   55   56    1
   44   22   56   23    1
   45   23   56   57    1
   46   23   57   24    1
   47   24   57   58    1
   48   24   58   25    1
   49   25   58   59    1
   50   25   59   26    1
   51   26   59   60    1
   52   26   60   27    1
   53   27   60   61    1
   54   27   61   28    1
   55   28   61   62    1
   56   28   62   29    1
   57   29   62   63    1
   58   29   63   30    1
   59   30   63   64    1
   60   30   64   31    1
   61   31   64   65    1
   62   31   65   32    1
   63   32   65   66    1
   64   32   66   33    1
   65   34   67   68    1
   66   34   68   35    1
   67   35   68   69    1
   68   35   69   36    1
   69   36   69   70    1
   70   36   70   37    1
   71   37   70   71    1
   72   37   71   38    1
   73   38   71   72    1
   74   38   72   39    1
   75   39   72   73    1
   76   39   73   40    1
   77   40   73   74    1
   78   40   74   41    1
   79   41   74   75    1
   80   41   75   42    1
   81   42   75   76    1
   82   42   76   43    1
   83   43   76   77    1
   84   43   77   44    1
   85   44   77   78    1
   86   44   78   45    1
   87   45   78   79    1
   88   45   79   46    1
   89   46   79   80    1
   90   46   80   47    1
   91   47   80   81    1
   92   47   81   48    1
   93   48   81   82    1
   94   48   82   49    1
   95   49   82   83    1
   96   49   83   50    1
   97   50   83   84    1
   98   50   84   51    1
   99   51   84   85    1
  100   51   85   52    1
  101   52   85   86    1
  102   52   86   53    1
  103   53   86   87    1
  104   53   87   54    1
  105   54   87   88    1
  106   54   88   55    1
  107   55   88   89    1
  108   55   89   56    1
  109   56   89   90    1
  110   56   90   57    1
  111   57   90   91    1
  112   57   91   58    1
  113   58   91   92    1
  114   58   92   59    1
  115   59   92   93    1
  116   59   93   60    1
  117   60   93   94    1
  118   60   94   61    1
  119   61   94   95    1
  120   61   95   62    1
  121   62   95   96    1
  122   62   96   63    1
  123   63   96   97    1
  124   63   97   64    1
  125   64   97   98    1
  126   64   98   65    1
  127   65   98   99    1
  128   65   99   66    1
  129   67  100  101    1
  130   67  101   68    1
  131   68  101  102    1
  132   68  102   69    1
  133   69  102  103    1
  134   69  103   70    1
  135   70  103  104    1
  136   70  104   71    1
  137   71  104  105    1
  138   71  105   72    1
  139   72  105  106    1
  140   72  106   73    1
  141   73  106  107    1
  142   73  107   74    1
  143   74  107  108    1
  144   74  108   75    1
  145   75  108  109    1
  146   75  109   76    1
  147   76  109  110    1
  148   76  110   77    1
  149   77  110  111    1
  150   77  111   78    1
  151   78  111  112    1
  152   78  112   79    1
  153   79  112  113    1
  154   79  113   80    1
  155   80  113  114    1
  156   80  114   81    1
  157   81  114  115    1
  158   81  115   82    1
  159   82  115  116    1
  160   82  116   83    1
  161   83  116  117    1
  162   83  117   84    1
  163   84  117  118    1
  164   84  118   85    1
  165   85  118  119    1
  166   85  119   86    1
  167   86  119  120    1
  168   86  120   87    1
  169   87  120  121    1
  170   87  121   88    1
  171   88  121  122    1
  172   88  122   89    1
  173   89  122  123    1
  174   89  123   90    1
  175   90  123  124    1
  176   90  124   91    1
  177   91  124  125    1
  178   91  125   92    1
  179   92  125  126    1
  180   92  126   93    1
  181   93  126  127    1
  182   93  127   94    1
  183   94  127  128    1
  184   94  128   95    1
  185   95  128  129    1
  186   95  129   96    1
  187   96  129  130    1
  188   96  130   97    1
  189   97  130  131    1
  190   97  131   98    1
  191   98  131  132    1
  192   98  132   99    1
  193  100  133  134    1
  194  100  134  101    1
  195  101  134  135    1
  196  101  135  102    1
  197  102  135  136    1
  198  102  136  103    1
  199  103  136  137    1
  200  103  137  104    1
  201  104  137  138    1
  202  104  138  105    1
  203  105  138  139    1
  204  105  139  106    1
  205  106  139  140    1
  206  106  140  107    1
  207  107  140  141    1
  208  107  141  108    1
  209  108  141  142    1
  210  108  142  109    1
  211  109  142  143    1
  212  109  143  110    1
  213  110  143  144    1
  214  110  144  111    1
  215  111  144  145    1
  216  111  145  112    1
  217  112  145  146    1
  218  112  146  113    1
  219  113  146  147    1
  220  113  147  114    1
  221  114  147  148    1
  222  114  148  115    1
  223  115  148  149    1
  224  115  149  116    1
  225  116  149  150    1
  226  116  150  117    1
  227  117  150  151    1
  228  117  151  118    1
  229  118  151  152    1
  230  118  152  119    1
  231  119  152  153    1
  232  119  153  120    1
  233  120  153  154    1
  234  120  154  121    1
  235  121  154  155    1
  236  121  155  122    1
  237  122  155  156    1
  238  122  156  123    1
  239  123  156  157    1
  240  123  157  124    1
  241  124  157  158    1
  242  124  158  125    1
  243  125  158  159    1
  244  125  159  126    1
  245  126  159  160    1
  246  126  160  127    1
  247  127  160  161    1
  248  127  161  128    1
  249  128  161  162    1
  250  128  162  129    1
  251  129  162  163    1
  252  129  163  130    1
  253  130  163  164    1
  254  130  164  131    1
  255  131  164  165    1
  256  131  165  132    1
  257  133  166  167    1
  258  133  167  134    1
  259  134  167  168    1
  260  134  168  135    1
  261  135  168  169    1
  262  135  169  136    1
  263  136  169  170    1
  264  136  170  137    1
  265  137  170  171    1
  266  137  171  138    1
  267  138  171  172    1
  268  138  172  139    1
  269  139  172  173    1
  270  139  173  140    1
  271  140  173  174    1
  272  140  174  141    1
  273  141  174  175    1
  274  141  175  142    1
  275  142  175  176    1
  276  142  176  143    1
  277  143  176  177    1
  278  143  177  144    1
  279  144  177  178    1
  280  144  178  145    1
  281  145  178  179    1
  282  145  179  146    1
  283  146  179  180    1
  284  146  180  147    1
  285  147  180  181    1
  286  147  181  148    1
  287  148  181  182    1
  288  148  182  149    1
  289  149  182  183    1
  290  149  183  150    1
  291  150  183  184    1
  292  150  184  151    1
  293  151  184  185    1
  294  151  185  152    1
  295  152  185  186    1
  296  152  186  153    1
  297  153  186  187    1
  298  153  187  154    1
  299  154  187  188    1
  300  154  188  155    1
  301  155  188  189    1
  302  155  189  156    1
  303  156  189  190    1
  304  156  190  157    1
  305  157  190  191    1
  306  157  191  158    1
  307  158  191  192    1
  308  158  192  159    1
  309  159  192  193    1
  310  159  193  160    1
  311  160  193  194    1
  312  160  194  161    1
  313  161  194  195    1
  314  161  195  162    1
  315  162  195  196    1
  316  162  196  163    1
  317  163  196  197    1
  318  163  197  164    1
  319  164  197  198    1
  320  164  198  165    1
  321  166  199  200    1
  322  166  200  167    1
  323  167  200  201    1
  324  167  201  168    1
  325  168  201  202    1
  326  168  202  169    1
  327  169  202  203    1
  328  169  203  170    1
  329  170  203  204    1
  330  170  204  171    1
  331  171  204  205    1
  332  171  205  172    1
  333  172  205  206    1
  334  172  206  173    1
  335  173  206  207    1
  336  173  207  174    1
  337  174  207  208    1
  338  174  208  175    1
  339  175  208  209    1
  340  175  209  176    1
  341  176  209  210    1
  342  176  210  177    1
  343  177  210  211    1
  344  177  211  178    1
  345  178  211  212    1
  346  178  212  179    1
  347  179  212  213    1
  348  179  213  180    1
  349  180  213  214    1
  350  180  214  181    1
  351  181  214  215    1
  352  181  215  182    1
  353  182  215  216    1
  354  182  216  183    1
  355  183  216  217    1
  356  183  217  184    1
  357  184  217  218    1
  358  184  218  185    1
  359  185  218  219    1
  360  185  219  186    1
  361  186  219  220    1
  362  186  220  187    1
  363  187  220  221    1
  364  187  221  188    1
  365  188  221  222    1
  366  188  222  189    1
  367  189  222  223    1
  368  189  223  190    1
  369  190  223  224    1
  370  190  224  191    1
  371  191  224  225    1
  372  191  225  192    1
  373  192  225  226    1
  374  192  226  193    1
  375  193  226  227    1
  376  193  227  194    1
  377  194  227  228    1
  378  194  228  195    1
  379  195  228  229    1
  380  195  229  196    1
  381  196  229  230    1
  382  196  230  197    1
  383  197  230  231    1
  384  197  231  198    1
  385  199  232  233    1
  386  199  233  200    1
  387  200  233  234    1
  388  200  234  201    1
  389  201  234  235    1
  390  201  235  202    1
  391  202  235  236    1
  392  202  236  203    1
  393  203  236  237    1
  394  203  237  204    1
  395  204  237  238    1
  396  204  238  205    1
  397  205  238  239    1
  398  205  239  206    1
  399  206  239  240    1
  400  206  240  207    1
  401  207  240  241    1
  402  207  241  208    1
  403  208  241  242    1
  404  208  242  209    1
  405  209  242  243    1
  406  209  243  210    1
  407  210  243  244    1
  408  210  244  211    1
  409  211  244  245    1
  410  211  245  212    1
  411  212  245  246    1
  412  212  246  213    1
  413  213  246  247    1
  414  213  247  214    1
  415  214  247  248    1
  416  214  248  215    1
  417  215  248  249    1
  418  215  249  216    1
  419  216  249  250    1
  420  216  250  217    1
  421  217  250  251    1
  422  217  251  218    1
  423  218  251  252    1
  424  218  252  219    1
  425  219  252  253    1
  426  219  253  220    1
  427  220  253  254    1
  428  220  254  221    1
  429  221  254  255    1
  430  221  255  222    1
  431  222  255  256    1
  432  222  256  223    1
  433  223  256  257    1
  434  223  257  224    1
  435  224  257  258    1
  436  224  258  225    1
  437  225  258  259    1
  438  225  259  226    1
  439  226  259  260    1
  440  226  260  227    1
  441  227  260  261    1
  442  227  261  228    1
  443  228  261  262    1
  444  228  262  229    1
  445  229  262  263    1
  446  229  263  230    1
  447  230  263  264    1
  448  230  264  231    1
  449  232  265  266    1
  450  232  266  233    1
  451  233  266  267    1
  452  233  267  234    1
  453  234  267  268    1
  454  234  268  235    1
  455  235  268  269    1
  456  235  269  236    1
  457  236  269  270    1
  458  236  270  237    1
  459  237  270  271    1
  460  237  271  238    1
  461  238  271  272    1
  462  238  272  239    1
  463  239  272  273    1
  464  239  273  240    1
  465  240  273  274    1
  466  240  274  241    1
  467  241  274  275    1
  468  241  275  242    1
  469  242  275  276    1
  470  242  276  243    1
  471  243  276  277    1
  472  243  277  244    1
  473  244  277  278    1
  474  244  278  245    1
  475  245  278  279    1
  476  245  279  246    1
  477  246  279  280    1
  478  246  280  247    1
  479  247  280  281    1
  480  247  281  248    1
  481  248  281  282    1
  482  248  282  249    1
  483  249  282  283    1
  484  249  283  250    1
  485  250  283  284    1
  486  250  284  251    1
  487  251  284  285    1
  488  251  285  252    1
  489  252  285  286    1
  490  252  286  253    1
  491  253  286  287    1
  492  253  287  254    1
  493  254  287  288    1
  494  254  288  255    1
  495  255  288  289    1
  496  255  289  256    1
  497  256  289  290    1
  498  256  290  257    1
  499  257  290  291    1
  500  257  291  258    1
  501  258  291  292    1
  502  258  292  259    1
  503  259  292  293    1
  504  259  293  260    1
  505  260  293  294    1
  506  260  294  261    1
  507  261  294  295    1
  508  261  295  262    1
  509  262  295  296    1
  510  262  296  263    1
  511  263  296  297    1
  512  263  297  264    1
  513  265  298  299    1
  514  265  299  266    1
  515  266  299  300    1
  516  266  300  267    1
  517  267  300  301    1
  518  267  301  268    1
  519  268  301  302    1
  520  268  302  269    1
  521  269  302  303    1
  522  269  303  270    1
  523  270  303  304    1
  524  270  304  271    1
  525  271  304  305    1
  526  271  305  272    1
  527  272  305  306    1
  528  272  306  273    1
  529  273  306  307    1
  530  273  307  274    1
  531  274  307  308    1
  532  274  308  275    1
  533  275  308  309    1
  534  275  309  276    1
  535  276  309  310    1
  536  276  310  277    1
  537  277  310  311    1
  538  277  311  278    1
  539  278  311  312    1
  540  278  312  279    1
  541  279  312  313    1
  542  279  313  280    1
  543  280  313  314    1
  544  280  314  281    1
  545  281  314  315    1
  546  281  315  282    1
  547  282  315  316    1
  548  282  316  283    1
  549  283  316  317    1
  550  283  317  284    1
  551  284  317  318    1
  552  284  318  285    1
  553  285  318  319    1
  554  285  319  286    1
  555  286  319  320    1
  556  286  320  287    1
  557  287  320  321    1
  558  287  321  288    1
  559  288  321  322    1
  560  288  322  289    1
  561  289  322  323    1
  562  289  323  290    1
  563  290  323  324    1
  564  290  324  291    1
  565  291  324  325    1
  566  291  325  292    1
  567  292  325  326    1
  568  292  326  293    1
  569  293  326  327    1
  570  293  327  294    1
  571  294  327  328    1
  572  294  328  295    1
  573  295  328  329    1
  574  295  329  296    1
  575  296  329  330    1
  576  296  330  297    1
  577  298  331  332    1
  578  298  332  299    1
  579  299  332  333    1
  580  299  333  300    1
  581  300  333  334    1
  582  300  334  301    1
  583  301  334  335    1
  584  301  335  302    1
  585  302  335  336    1
  586  302  336  303    1
  587  303  336  337    1
  588  303  337  304    1
  589  304  337  338    1
  590  304  338  305    1
  591  305  338  339    1
  592  305  339  306    1
  593  306  339  340    1
  594  306  340  307    1
  595  307  340  341    1
  596  307  341  308    1
  597  308  341  342    1
  598  308  342  309    1
  599  309  342  343    1
  600  309  343  310    1
  601  310  343  344    1
  602  310  344  311    1
  603  311  344  345    1
  604  311  345  312    1
  605  312  345  346    1
  606  312  346  313    1
  607  313  346  347    1
  608  313  347  314    1
  609  314  347  348    1
  610  314  348  315    1
  611  315  348  349    1
  612  315  349  316    1
  613  316  349  350    1
  614  316  350  317    1
  615  317  350  351    1
  616  317  351  318    1
  617  318  351  352    1
  618  318  352  319    1
  619  319  352  353    1
  620  319  353  320    1
  621  320  353  354    1
  622  320  354  321    1
  623  321  354  355    1
  624  321  355  322    1
  625  322  355  356    1
  626  322  356  323    1
  627  323  356  357    1
  628  323  357  324    1
  629  324  357  358    1
  630  324  358  325    1
  631  325  358  359    1
  632  325  359  326    1
  633  326  359  360    1
  634  326  360  327    1
  635  327  360  361    1
  636  327  361  328    1
  637  328  361  362    1
  638  328  362  329    1
  639  329  362  363    1
  640  329  363  330    1
  641  331  364  365    1
  642  331  365  332    1
  643  332  365  366    1
  644  332  366  333    1
  645  333  366  367    1
  646  333  367  334    1
  647  334  367  368    1
  648  334  368  335    1
  649  335  368  369    1
  650  335  369  336    1
  651  336  369  370    1
  652  336  370  337    1
  653  337  370  371    1
  654  337  371  338    1
  655  338  371  372    1
  656  338  372  339    1
  657  339  372  373    1
  658  339  373  340    1
  659  340  373  374    1
  660  340  374  341    1
  661  341  374  375    1
  662  341  375  342    1
  663  342  375  376    1
  664  342  376  343    1
  665  343  376  377    1
  666  343  377  344    1
  667  344  377  378    1
  668  344  378  345    1
  669  345  378  379    1
  670  345  379  346    1
  671  346  379  380    1
  672  346  380  347    1
  673  347  380  381    1
  674  347  381  348    1
  675  348  381  382    1
  676  348  382  349    1
  677  349  382  383    1
  678  349  383  350    1
  679  350  383  384    1
  680  350  384  351    1
  681  351  384  385    1
  682  351  385  352    1
  683  352  385  386    1
  684  352  386  353    1
  685  353  386  387    1
  686  353  387  354    1
  687  354  387  388    1
  688  354  388  355    1
  689  355  388  389    1
  690  355  389  356    1
  691  356  389  390    1
  692  356  390  357    1
  693  357  390  391    1
  694  357  391  358    1
  695  358  391  392    1
  696  358  392  359    1
  697  359  392  393    1
  698  359  393  360    1
  699  360  393  394    1
  700  360  394  361    1
  701  361  394  395    1
  702  361  395  362    1
  703  362  395  396    1
  704  362  396  363    1
  705  364  397  398    1
  706  364  398  365    1
  707  365  398  399    1
  708  365  399  366    1
  709  366  399  400    1
  710  366  400  367    1
  711  367  400  401    1
  712  367  401  368    1
  713  368  401  402    1
  714  368  402  369    1
  715  369  402  403    1
  716  369  403  370    1
  717  370  403  404    1
  718  370  404  371    1
  719  371  404  405    1
  720  371  405  372    1
  721  372  405  406    1
  722  372  406  373    1
  723  373  406  407    1
  724  373  407  374    1
  725  374  407  408    1
  726  374  408  375    1
  727  375  408  409    1
  728  375  409  376    1
  729  376  409  410    1
  730  376  410  377    1
  731  377  410  411    1
  732  377  411  378    1
  733  378  411  412    1
  734  378  412  379    1
  735  379  412  413    1
  736  379  413  380    1
  737  380  413  414    1
  738  380  414  381    1
  739  381  414  415    1
  740  381  415  382    1
  741  382  415  416    1
  742  382  416  383    1
  743  383  416  417    1
  744  383  417  384    1
  745  384  417  418    1
  746  384  418  385    1
  747  385  418  419    1
  748  385  419  386    1
  749  386  419  420    1
  750  386  420  387    1
  751  387  420  421    1
  752  387  421  388    1
  753  388  421  422    1
  754  388  422  389    1
  755  389  422  423    1
  756  389  423  390    1
  757  390  423  424    1
  758  390  424  391    1
  759  391  424  425    1
  760  391  425  392    1
  761  392  425  426    1
  762  392  426  393    1
  763  393  426  427    1
  764  393  427  394    1
  765  394  427  428    1
  766  394  428  395    1
  767  395  428  429    1
  768  395  429  396    1
  769  397  430  431    1
  770  397  431  398    1
  771  398  431  432    1
  772  398  432  399    1
  773  399  432  433    1
  774  399  433  400    1
  775  400  433  434    1
  776  400  434  401    1
  777  401  434  435    1
  778  401  435  402    1
  779  402  435  436    1
  780  402  436  403    1
  781  403  436  437    1
  782  403  437  404    1
  783  404  437  438    1
  784  404  438  405    1
  785  405  438  439    1
  786  405  439  406    1
  787  406  439  440    1
  788  406  440  407    1
  789  407  440  441    1
  790  407  441  408    1
  791  408  441  442    1
  792  408  442  409    1
  793  409  442  443    1
  794  409  443  410    1
  795  410  443  444    1
  796  410  444  411    1
  797  411  444  445    1
  798  411  445  412    1
  799  412  445  446    1
  800  412  446  413    1
  801  413  446  447    1
  802  413  447  414    1
  803  414  447  448    1
  804  414  448  415    1
  805  415  448  449    1
  806  415  449  416    1
  807  416  449  450    1
  808  416  450  417    1
  809  417  450  451    1
  810  417  451  418    1
  811  418  451  452    1
  812  418  452  419    1
  813  419  452  453    1
  814  419  453  420    1
  815  420  453  454    1
  816  420  454  421    1
  817  421  454  455    1
  818  421  455  422    1
  819  422  455  456    1
  820  422  456  423    1
  821  423  456  457    1
  822  423  457  424    1
  823  424  457  458    1
  824  424  458  425    1
  825  425  458  459    1
  826  425  459  426    1
  827  426  459  460    1
  828  426  460  427    1
  829  427  460  461    1
  830  427  461  428    1
  831  428  461  462    1
  832  428  462  429    1
  833  430  463  464    1
  834  430  464  431    1
  835  431  464  465    1
  836  431  465  432    1
  837  432  465  466    1
  838  432  466  433    1
  839  433  466  467    1
  840  433  467  434    1
  841  434  467  468    1
  842  434  468  435    1
  843  435  468  469    1
  844  435  469  436    1
  845  436  469  470    1
  846  436  470  437    1
  847  437  470  471    1
  848  437  471  438    1
  849  438  471  472    1
  850  438  472  439    1
  851  439  472  473    1
  852  439  473  440    1
  853  440  473  474    1
  854  440  474  441    1
  855  441  474  475    1
  856  441  475  442    1
  857  442  475  476    1
  858  442  476  443    1
  859  443  476  477    1
  860  443  477  444    1
  861  444  477  478    1
  862  444  478  445    1
  863  445  478  479    1
  864  445  479  446    1
  865  446  479  480    1
  866  446  480  447    1
  867  447  480  481    1
  868  447  481  448    1
  869  448  481  482    1
  870  448  482  449    1
  871  449  482  483    1
  872  449  483  450    1
  873  450  483  484    1
  874  450  484  451    1
  875  451  484  485    1
  876  451  485  452    1
  877  452  485  486    1
  878  452  486  453    1
  879  453  486  487    1
  880  453  487  454    1
  881  454  487  488    1
  882  454  488  455    1
  883  455  488  489    1
  884  455  489  456    1
  885  456  489  490    1
  886  456  490  457    1
  887  457  490  491    1
  888  457  491  458    1
  889  458  491  492    1
  890  458  492  459    1
  891  459  492  493    1
  892  459  493  460    1
  893  460  493  494    1
  894  460  494  461    1
  895  461  494  495    1
  896  461  495  462    1
  897  463  496  497    1
  898  463  497  464    1
  899  464  497  498    1
  900  464  498  465    1
  901  465  498  499    1
  902  465  499  466    1
  903  466  499  500    1
  904  466  500  467    1
  905  467  500  501    1
  906  467  501  468    1
  907  468  501  502    1
  908  468  502  469    1
  909  469  502  503    1
  910  469  503  470    1
  911  470  503  504    1
  912  470  504  471    1
  913  471  504  505    1
  914  471  505  472    1
  915  472  505  506    1
  916  472  506  473    1
  917  473  506  507    1
  918  473  507  474    1
  919  474  507  508    1
  920  474  508  475    1
  921  475  508  509    1
  922  475  509  476    1
  923  476  509  510    1
  924  476  510  477    1
  925  477  510  511    1
  926  477  511  478    1
  927  478  511  512    1
  928  478  512  479    1
  929  479  512  513    1
  930  479  513  480    1
  931  480  513  514    1
  932  480  514  481    1
  933  481  514  515    1
  934  481  515  482    1
  935  482  515  516    1
  936  482  516  483    1
  937  483  516  517    1
  938  483  517  484    1
  939  484  517  518    1
  940  484  518  485    1
  941  485  518  519    1
  942  485  519  486    1
  943  486  519  520    1
  944  486  520  487    1
  945  487  520  521    1
  946  487  521  488    1
  947  488  521  522    1
  948  488  522  489    1
  949  489  522  523    1
  950  489  523  490    1
  951  490  523  524    1
  952  490  524  491    1
  953  491  524  525    1
  954  491  525  492    1
  955  492  525  526    1
  956  492  526  493    1
  957  493  526  527    1
  958  493  527  494    1
  959  494  527  528    1
  960  494  528  495    1
  961  496  529  530    1
  962  496  530  497    1
  963  497  530  531    1
  964  497  531  498    1
  965  498  531  532    1
  966  498  532  499    1
  967  499  532  533    1
  968  499  533  500    1
  969  500  533  534    1
  970  500  534  501    1
  971  501  534  535    1
  972  501  535  502    1
  973  502  535  536    1
  974  502  536  503    1
  975  503  536  537    1
  976  503  537  504    1
  977  504  537  538    1
  978  504  538  505    1
  979  505  538  539    1
  980  505  539  506    1
  981  506  539  540    1
  982  506  540  507    1
  983  507  540  541    1
  984  507  541  508    1
  985  508  541  542    1
  986  508  542  509    1
  987  509  542  543    1
  988  509  543  510    1
  989  510  543  544    1
  990  510  544  511    1
  991  511  544  545    1
  992  511  545  512    1
  993  512  545  546    1
  994  512  546  513    1
  995  513  546  547    1
  996  513  547  514    1
  997  514  547  548    1
  998  514  548  515    1
  999  515  548  549    1
 1000  515  549  516    1
 1001  516  549  550    1
 1002  516  550  517    1
 1003  517  550  551    1
 1004  517  551  518    1
 1005  518  551  552    1
 1006  518  552  519    1
 1007  519  552  553    1
 1008  519  553  520    1
 1009  520  553  554    1
 1010  520  554  521    1
 1011  521  554  555    1
 1012  521  555  522    1
 1013  522  555  556    1
 1014  522  556  523    1
 1015  523  556  557    1
 1016  523  557  524    1
 1017  524  557  558    1
 1018  524  558  525    1
 1019  525  558  559    1
 1020  525  559  526    1
 1021  526  559  560    1
 1022  526  560  527    1
 1023  527  560  561    1
 1024  527  561  528    1
 1025  529  562  563    1
 1026  529  563  530    1
 1027  530  563  564    1
 1028  530  564  531    1
 1029  531  564  565    1
 1030  531  565  532    1
 1031  532  565  566    1
 1032  532  566  533    1
 1033  533  566  567    1
 1034  533  567  534    1
 1035  534  567  568    1
 1036  534  568  535    1
 1037  535  568  569    1
 1038  535  569  536    1
 1039  536  569  570    1
 1040  536  570  537    1
 1041  537  570  571    1
 1042  537  571  538    1
 1043  538  571  572    1
 1044  538  572  539    1
 1045  539  572  573    1
 1046  539  573  540    1
 1047  540  573  574    1
 1048  540  574  541    1
 1049  541  574  575    1
 1050  541  575  542    1
 1051  542  575  576    1
 1052  542  576  543    1
 1053  543  576  577    1
 1054  543  577  544    1
 1055  544  577  578    1
 1056  544  578  545    1
 1057  545  578  579    1
 1058  545  579  546    1
 1059  546  579  580    1
 1060  546  580  547    1
 1061  547  580  581    1
 1062  547  581  548    1
 1063  548  581  582    1
 1064  548  582  549    1
 1065  549  582  583    1
 1066  549  583  550    1
 1067  550  583  584    1
 1068  550  584  551    1
 1069  551  584  585    1
 1070  551  585  552    1
 1071  552  585  586    1
 1072  552  586  553    1
 1073  553  586  587    1
 1074  553  587  554    1
 1075  554  587  588    1
 1076  554  588  555    1
 1077  555  588  589    1
 1078  555  589  556    1
 1079  556  589  590    1
 1080  556  590  557    1
 1081  557  590  591    1
 1082  557  591  558    1
 1083  558  591  592    1
 1084  558  592  559    1
 1085  559  592  593    1
 1086  559  593  560    1
 1087  560  593  594    1
 1088  560  594  561    1
 1089  562  595  596    1
 1090  562  596  563    1
 1091  563  596  597    1
 1092  563  597  564    1
 1093  564  597  598    1
 1094  564  598  565    1
 1095  565  598  599    1
 1096  565  599  566    1
 1097  566  599  600    1
 1098  566  600  567    1
 1099  567  600  601    1
 1100  567  601  568    1
 1101  568  601  602    1
 1102  568  602  569    1
 1103  569  602  603    1
 1104  569  603  570    1
 1105  570  603  604    1
 1106  570  604  571    1
 1107  571  604  605    1
 1108  571  605  572    1
 1109  572  605  606    1
 1110  572  606  573    1
 1111  573  606  607    1
 1112  573  607  574    1
 1113  574  607  608    1
 1114  574  608  575    1
 1115  575  608  609    1
 1116  575  609  576    1
 1117  576  609  610    1
 1118  576  610  577    1
 1119  577  610  611    1
 1120  577  611  578    1
 1121  578  611  612    1
 1122  578  612  579    1
 1123  579  612  613    1
 1124  579  613  580    1
 1125  580  613  614    1
 1126  580  614  581    1
 1127  581  614  615    1
 1128  581  615  582    1
 1129  582  615  616    1
 1130  582  616  583    1
 1131  583  616  617    1
 1132  583  617  584    1
 1133  584  617  618    1
 1134  584  618  585    1
 1135  585  618  619    1
 1136  585  619  586    1
 1137  586  619  620    1
 1138  586  620  587    1
 1139  587  620  621    1
 1140  587  621  588    1
 1141  588  621  622    1
 1142  588  622  589    1
 1143  589  622  623    1
 1144  589  623  590    1
 1145  590  623  624    1
 1146  590  624  591    1
 1147  591  624  625    1
 1148  591  625  592    1
 1149  592  625  626    1
 1150  592  626  593    1
 1151  593  626  627    1
 1152  593  627  594    1
 1153  595  628  629    1
 1154  595  629  596    1
 1155  596  629  630    1
 1156  596  630  597    1
 1157  597  630  631    1
 1158  597  631  598    1
 1159  598  631  632    1
 1160  598  632  599    1
 1161  599  632  633    1
 1162  599  633  600    1
 1163  600  633  634    1
 1164  600  634  601    1
 1165  601  634  635    1
 1166  601  635  602    1
 1167  602  635  636    1
 1168  602  636  603    1
 1169  603  636  637    1
 1170  603  637  604    1
 1171  604  637  638    1
 1172  604  638  605    1
 1173  605  638  639    1
 1174  605  639  606    1
 1175  606  639  640    1
 1176  606  640  607    1
 1177  607  640  641    1
 1178  607  641  608    1
 1179  608  641  642    1
 1180  608  642  609    1
 1181  609  642  643    1
 1182  609  643  610    1
 1183  610  643  644    1
 1184  610  644  611    1
 1185  611  644  645    1
 1186  611  645  612    1
 1187  612  645  646    1
 1188  612  646  613    1
 1189  613  646  647    1
 1190  613  647  614    1
 1191  614  647  648    1
 1192  614  648  615    1
 1193  615  648  649    1
 1194  615  649  616    1
 1195  616  649  650    1
 1196  616  650  617    1
 1197  617  650  651    1
 1198  617  651  618    1
 1199  618  651  652    1
 1200  618  652  619    1
 1201  619  652  653    1
 1202  619  653  620    1
 1203  620  653  654    1
 1204  620  654  621    1
 1205  621  654  655    1
 1206  621  655  622    1
 1207  622  655  656    1
 1208  622  656  623    1
 1209  623  656  657    1
 1210  623  657  624    1
 1211  624  657  658    1
 1212  624  658  625    1
 1213  625  658  659    1
 1214  625  659  626    1
 1215  626  659  660    1
 1216  626  660  627    1
 1217  628  661  662    1
 1218  628  662  629    1
 1219  629  662  663    1
 1220  629  663  630    1
 1221  630  663  664    1
 1222  630  664  631    1
 1223  631  664  665    1
 1224  631  665  632    1
 1225  632  665  666    1
 1226  632  666  633    1
 1227  633  666  667    1
 1228  633  667  634    1
 1229  634  667  668    1
 1230  634  668  635    1
 1231  635  668  669    1
 1232  635  669  636    1
 1233  636  669  670    1
 1234  636  670  637    1
 1235  637  670  671    1
 1236  637  671  638    1
 1237  638  671  672    1
 1238  638  672  639    1
 1239  639  672  673    1
 1240  639  673  640    1
 1241  640  673  674    1
 1242  640  674  641    1
 1243  641  674  675    1
 1244  641  675  642    1
 1245  642  675  676    1
 1246  642  676  643    1
 1247  643  676  677    1
 1248  643  677  644    1
 1249  644  677  678    1
 1250  644  678  645    1
 1251  645  678  679    1
 1252  645  679  646    1
 1253  646  679  680    1
 1254  646  680  647    1
 1255  647  680  681    1
 1256  647  681  648    1
 1257  648  681  682    1
 1258  648  682  649    1
 1259  649  682  683    1
 1260  649  683  650    1
 1261  650  683  684    1
 1262  650  684  651    1
 1263  651  684  685    1
 1264  651  685  652    1
 1265  652  685  686    1
 1266  652  686  653    1
 1267  653  686  687    1
 1268  653  687  654    1
 1269  654  687  688    1
 1270  654  688  655    1
 1271  655  688  689    1
 1272  655  689  656    1
 1273  656  689  690    1
 1274  656  690  657    1
 1275  657  690  691    1
 1276  657  691  658    1
 1277  658  691  692    1
 1278  658  692  659    1
 1279  659  692  693    1
 1280  659  693  660    1
 1281  661  694  695    1
 1282  661  695  662    1
 1283  662  695  696    1
 1284  662  696  663    1
 1285  663  696  697    1
 1286  663  697  664    1
 1287  664  697  698    1
 1288  664  698  665    1
 1289  665  698  699    1
 1290  665  699  666    1
 1291  666  699  700    1
 1292  666  700  667    1
 1293  667  700  701    1
 1294  667  701  668    1
 1295  668  701  702    1
 1296  668  702  669    1
 1297  669  702  703    1
 1298  669  703  670    1
 1299  670  703  704    1
 1300  670  704  671    1
 1301  671  704  705    1
 1302  671  705  672    1
 1303  672  705  706    1
 1304  672  706  673    1
 1305  673  706  707    1
 1306  673  707  674    1
 1307  674  707  708    1
 1308  674  708  675    1
 1309  675  708  709    1
 1310  675  709  676    1
 1311  676  709  710    1
 1312  676  710  677    1
 1313  677  710  711    1
 1314  677  711  678    1
 1315  678  711  712    1
 1316  678  712  679    1
 1317  679  712  713    1
 1318  679  713  680    1
 1319  680  713  714    1
 1320  680  714  681    1
 1321  681  714  715    1
 1322  681  715  682    1
 1323  682  715  716    1
 1324  682  716  683    1
 1325  683  716  717    1
 1326  683  717  684    1
 1327  684  717  718    1
 1328  684  718  685    1
 1329  685  718  719    1
 1330  685  719  686    1
 1331  686  719  720    1
 1332  686  720  687    1
 1333  687  720  721    1
 1334  687  721  688    1
 1335  688  721  722    1
 1336  688  722  689    1
 1337  689  722  723    1
 1338  689  723  690    1
 1339  690  723  724    1
 1340  690  724  691    1
 1341  691  724  725    1
 1342  691  725  692    1
 1343  692  725  726    1
 1344  692  726  693    1
 1345  694  727  728    1
 1346  694  728  695    1
 1347  695  728  729    1
 1348  695  729  696    1
 1349  696  729  730    1
 1350  696  730  697    1
 1351  697  730  731    1
 1352  697  731  698    1
 1353  698  731  732    1
 1354  698  732  699    1
 1355  699  732  733    1
 1356  699  733  700    1
 1357  700  733  734    1
 1358  700  734  701    1
 1359  701  734  735    1
 1360  701  735  702    1
 1361  702  735  736    1
 1362  702  736  703    1
 1363  703  736  737    1
 1364  703  737  704    1
 1365  704  737  738    1
 1366  704  738  705    1
 1367  705  738  739    1
 1368  705  739  706    1
 1369  706  739  740    1
 1370  706  740  707    1
 1371  707  740  741    1
 1372  707  741  708    1
 1373  708  741  742    1
 1374  708  742  709    1
 1375  709  742  743    1
 1376  709  743  710    1
 1377  710  743  744    1
 1378  710  744  711    1
 1379  711  744  745    1
 1380  711  745  712    1
 1381  712  745  746    1
 1382  712  746  713    1
 1383  713  746  747    1
 1384  713  747  714    1
 1385  714  747  748    1
 1386  714  748  715    1
 1387  715  748  749    1
 1388  715  749  716    1
 1389  716  749  750    1
 1390  716  750  717    1
 1391  717  750  751    1
 1392  717  751  718    1
 1393  718  751  752    1
 1394  718  752  719    1
 1395  719  752  753    1
 1396  719  753  720    1
 1397  720  753  754    1
 1398  720  754  721    1
 1399  721  754  755    1
 1400  721  755  722    1
 1401  722  755  756    1
 1402  722  756  723    1
 1403  723  756  757    1
 1404  723  757  724    1
 1405  724  757  758    1
 1406  724  758  725    1
 1407  725  758  759    1
 1408  725  759  726    1
 1409  727  760  761    1
 1410  727  761  728    1
 1411  728  761  762    1
 1412  728  762  729    1
 1413  729  762  763    1
 1414  729  763  730    1
 1415  730  763  764    1
 1416  730  764  731    1
 1417  731  764  765    1
 1418  731  765  732    1
 1419  732  765  766    1
 1420  732  766  733    1
 1421  733  766  767    1
 1422  733  767  734    1
 1423  734  767  768    1
 1424  734  768  735    1
 1425  735  768  769    1
 1426  735  769  736    1
 1427  736  769  770    1
 1428  736  770  737    1
 1429  737  770  771    1
 1430  737  771  738    1
 1431  738  771  772    1
 1432  738  772  739    1
 1433  739  772  773    1
 1434  739  773  740    1
 1435  740  773  774    1
 1436  740  774  741    1
 1437  741  774  775    1
 1438  741  775  742    1
 1439  742  775  776    1
 1440  742  776  743    1
 1441  743  776  777    1
 1442  743  777  744    1
 1443  744  777  778    1
 1444  744  778  745    1
 1445  745  778  779    1
 1446  745  779  746    1
 1447  746  779  780    1
 1448  746  780  747    1
 1449  747  780  781    1
 1450  747  781  748    1
 1451  748  781  782    1
 1452  748  782  749    1
 1453  749  782  783    1
 1454  749  783  750    1
 1455  750  783  784    1
 1456  750  784  751    1
 1457  751  784  785    1
 1458  751  785  752    1
 1459  752  785  786    1
 1460  752  786  753    1
 1461  753  786  787    1
 1462  753  787  754    1
 1463  754  787  788    1
 1464  754  788  755    1
 1465  755  788  789    1
 1466  755  789  756    1
 1467  756  789  790    1
 1468  756  790  757    1
 1469  757  790  791    1
 1470  757  791  758    1
 1471  758  791  792    1
 1472  758  792  759    1
 1473  760  793  794    1
 1474  760  794  761    1
 1475  761  794  795    1
 1476  761  795  762    1
 1477  762  795  796    1
 1478  762  796  763    1
 1479  763  796  797    1
 1480  763  797  764    1
 1481  764  797  798    1
 1482  764  798  765    1
 1483  765  798  799    1
 1484  765  799  766    1
 1485  766  799  800    1
 1486  766  800  767    1
 1487  767  800  801    1
 1488  767  801  768    1
 1489  768  801  802    1
 1490  768  802  769    1
 1491  769  802  803    1
 1492  769  803  770    1
 1493  770  803  804    1
 1494  770  804  771    1
 1495  771  804  805    1
 1496  771  805  772    1
 1497  772  805  806    1
 1498  772  806  773    1
 1499  773  806  807    1
 1500  773  807  774    1
 1501  774  807  808    1
 1502  774  808  775    1
 1503  775  808  809    1
 1504  775  809  776    1
 1505  776  809  810    1
 1506  776  810  777    1
 1507  777  810  811    1
 1508  777  811  778    1
 1509  778  811  812    1
 1510  778  812  779    1
 1511  779  812  813    1
 1512  779  813  780    1
 1513  780  813  814    1
 1514  780  814  781    1
 1515  781  814  815    1
 1516  781  815  782    1
 1517  782  815  816    1
 1518  782  816  783    1
 1519  783  816  817    1
 1520  783  817  784    1
 1521  784  817  818    1
 1522  784  818  785    1
 1523  785  818  819    1
 1524  785  819  786    1
 1525  786  819  820    1
 1526  786  820  787    1
 1527  787  820  821    1
 1528  787  821  788    1
 1529  788  821  822    1
 1530  788  822  789    1
 1531  789  822  823    1
 1532  789  823  790    1
 1533  790  823  824    1
 1534  790  824  791    1
 1535  791  824  825    1
 1536  791  825  792    1
 1537  793  826  827    1
 1538  793  827  794    1
 1539  794  827  828    1
 1540  794  828  795    1
 1541  795  828  829    1
 1542  795  829  796    1
 1543  796  829  830    1
 1544  796  830  797    1
 1545  797  830  831    1
 1546  797  831  798    1
 1547  798  831  832    1
 1548  798  832  799    1
 1549  799  832  833    1
 1550  799  833  800    1
 1551  800  833  834    1
 1552  800  834  801    1
 1553  801  834  835    1
 1554  801  835  802    1
 1555  802  835  836    1
 1556  802  836  803    1
 1557  803  836  837    1
 1558  803  837  804    1
 1559  804  837  838    1
 1560  804  838  805    1
 1561  805  838  839    1
 1562  805  839  806    1
 1563  806  839  840    1
 1564  806  840  807    1
 1565  807  840  841    1
 1566  807  841  808    1
 1567  808  841  842    1
 1568  808  842  809    1
 1569  809  842  843    1
 1570  809  843  810    1
 1571  810  843  844    1
 1572  810  844  811    1
 1573  811  844  845    1
 1574  811  845  812    1
 1575  812  845  846    1
 1576  812  846  813    1
 1577  813  846  847    1
 1578  813  847  814    1
 1579  814  847  848    1
 1580  814  848  815    1
 1581  815  848  849    1
 1582  815  849  816    1
 1583  816  849  850    1
 1584  816  850  817    1
 1585  817  850  851    1
 1586  817  851  818    1
 1587  818  851  852    1
 1588  818  852  819    1
 1589  819  852  853    1
 1590  819  853  820    1
 1591  820  853  854    1
 1592  820  854  821    1
 1593  821  854  855    1
 1594  821  855  822    1
 1595  822  855  856    1
 1596  822  856  823    1
 1597  823  856  857    1
 1598  823  857  824    1
 1599  824  857  858    1
 1600  824  858  825    1
 1601  826  859  860    1
 1602  826  860  827    1
 1603  827  860  861    1
 1604  827  861  828    1
 1605  828  861  862    1
 1606  828  862  829    1
 1607  829  862  863    1
 1608  829  863  830    1
 1609  830  863  864    1
 1610  830  864  831    1
 1611  831  864  865    1
 1612  831  865  832    1
 1613  832  865  866    1
 1614  832  866  833    1
 1615  833  866  867    1
 1616  833  867  834    1
 1617  834  867  868    1
 1618  834  868  835    1
 1619  835  868  869    1
 1620  835  869  836    1
 1621  836  869  870    1
 1622  836  870  837    1
 1623  837  870  871    1
 1624  837  871  838    1
 1625  838  871  872    1
 1626  838  872  839    1
 1627  839  872  873    1
 1628  839  873  840    1
 1629  840  873  874    1
 1630  840  874  841    1
 1631  841  874  875    1
 1632  841  875  842    1
 1633  842  875  876    1
 1634  842  876  843    1
 1635  843  876  877    1
 1636  843  877  844    1
 1637  844  877  878    1
 1638  844  878  845    1
 1639  845  878  879    1
 1640  845  879  846    1
 1641  846  879  880    1
 1642  846  880  847    1
 1643  847  880  881    1
 1644  847  881  848    1
 1645  848  881  882    1
 1646  848  882  849    1
 1647  849  882  883    1
 1648  849  883  850    1
 1649  850  883  884    1
 1650  850  884  851    1
 1651  851  884  885    1
 1652  851  885  852    1
 1653  852  885  886    1
 1654  852  886  853    1
 1655  853  886  887    1
 1656  853  887  854    1
 1657  854  887  888    1
 1658  854  888  855    1
 1659  855  888  889    1
 1660  855  889  856    1
 1661  856  889  890    1
 1662  856  890  857    1
 1663  857  890  891    1
 1664  857  891  858    1
 1665  859  892  893    1
 1666  859  893  860    1
 1667  860  893  894    1
 1668  860  894  861    1
 1669  861  894  895    1
 1670  861  895  862    1
 1671  862  895  896    1
 1672  862  896  863    1
 1673  863  896  897    1
 1674  863  897  864    1
 1675  864  897  898    1
 1676  864  898  865    1
 1677  865  898  899    1
 1678  865  899  866    1
 1679  866  899  900    1
 1680  866  900  867    1
 1681  867  900  901    1
 1682  867  901  868    1
 1683  868  901  902    1
 1684  868  902  869    1
 1685  869  902  903    1
 1686  869  903  870    1
 1687  870  903  904    1
 1688  870  904  871    1
 1689  871  904  905    1
 1690  871  905  872    1
 1691  872  905  906    1
 1692  872  906  873    1
 1693  873  906  907    1
 1694  873  907  874    1
 1695  874  907  908    1
 1696  874  908  875    1
 1697  875  908  909    1
 1698  875  909  876    1
 1699  876  909  910    1
 1700  876  910  877    1
 1701  877  910  911    1
 1702  877  911  878    1
 1703  878  911  912    1
 1704  878  912  879    1
 1705  879  912  913    1
 1706  879  913  880    1
 1707  880  913  914    1
 1708  880  914  881    1
 1709  881  914  915    1
 1710  881  915  882    1
 1711  882  915  916    1
 1712  882  916  883    1
 1713  883  916  917    1
 1714  883  917  884    1
 1715  884  917  918    1
 1716  884  918  885    1
 1717  885  918  919    1
 1718  885  919  886    1
 1719  886  919  920    1
 1720  886  920  887    1
 1721  887  920  921    1
 1722  887  921  888    1
 1723  888  921  922    1
 1724  888  922  889    1
 1725  889  922  923    1
 1726  889  923  890    1
 1727  890  923  924    1
 1728  890  924  891    1
 1729  892  925  926    1
 1730  892  926  893    1
 1731  893  926  927    1
 1732  893  927  894    1
 1733  894  927  928    1
 1734  894  928  895    1
 1735  895  928  929    1
 1736  895  929  896    1
 1737  896  929  930    1
 1738  896  930  897    1
 1739  897  930  931    1
 1740  897  931  898    1
 1741  898  931  932    1
 1742  898  932  899    1
 1743  899  932  933    1
 1744  899  933  900    1
 1745  900  933  934    1
 1746  900  934  901    1
 1747  901  934  935    1
 1748  901  935  902    1
 1749  902  935  936    1
 1750  902  936  903    1
 1751  903  936  937    1
 1752  903  937  904    1
 1753  904  937  938    1
 1754  904  938  905    1
 1755  905  938  939    1
 1756  905  939  906    1
 1757  906  939  940    1
 1758  906  940  907    1
 1759  907  940  941    1
 1760  907  941  908    1
 1761  908  941  942    1
 1762  908  942  909    1
 1763  909  942  943    1
 1764  909  943  910    1
 1765  910  943  944    1
 1766  910  944  911    1
 1767  911  944  945    1
 1768  911  945  912    1
 1769  912  945  946    1
 1770  912  946  913    1
 1771  913  946  947    1
 1772  913  947  914    1
 1773  914  947  948    1
 1774  914  948  915    1
 1775  915  948  949    1
 1776  915  949  916    1
 1777  916  949  950    1
 1778  916  950  917    1
 1779  917  950  951    1
 1780  917  951  918    1
 1781  918  951  952    1
 1782  918  952  919    1
 1783  919  952  953    1
 1784  919  953  920    1
 1785  920  953  954    1
 1786  920  954  921    1
 1787  921  954  955    1
 1788  921  955  922    1
 1789  922  955  956    1
 1790  922  956  923    1
 1791  923  956  957    1
 1792  923  957  924    1
 1793  925  958  959    1
 1794  925  959  926    1
 1795  926  959  960    1
 1796  926  960  927    1
 1797  927  960  961    1
 1798  927  961  928    1
 1799  928  961  962    1
 1800  928  962  929    1
 1801  929  962  963    1
 1802  929  963  930    1
 1803  930  963  964    1
 1804  930  964  931    1
 1805  931  964  965    1
 1806  931  965  932    1
 1807  932  965  966    1
 1808  932  966  933    1
 1809  933  966  967    1
 1810  933  967  934    1
 1811  934  967  968    1
 1812  934  968  935    1
 1813  935  968  969    1
 1814  935  969  936    1
 1815  936  969  970    1
 1816  936  970  937    1
 1817  937  970  971    1
 1818  937  971  938    1
 1819  938  971  972    1
 1820  938  972  939    1
 1821  939  972  973    1
 1822  939  973  940    1
 1823  940  973  974    1
 1824  940  974  941    1
 1825  941  974  975    1
 1826  941  975  942    1
 1827  942  975  976    1
 1828  942  976  943    1
 1829  943  976  977    1
 1830  943  977  944    1
 1831  944  977  978    1
 1832  944  978  945    1
 1833  945  978  979    1
 1834  945  979  946    1
 1835  946  979  980    1
 1836  946  980  947    1
 1837  947  980  981    1
 1838  947  981  948    1
 1839  948  981  982    1
 1840  948  982  949    1
 1841  949  982  983    1
 1842  949  983  950    1
 1843  950  983  984    1
 1844  950  984  951    1
 1845  951  984  985    1
 1846  951  985  952    1
 1847  952  985  986    1
 1848  952  986  953    1
 1849  953  986  987    1
 1850  953  987  954    1
 1851  954  987  988    1
 1852  954  988  955    1
 1853  955  988  989    1
 1854  955  989  956    1
 1855  956  989  990    1
 1856  956  990  957    1
 1857  958  991  992    1
 1858  958  992  959    1
 1859  959  992  993    1
 1860  959  993  960    1
 1861  960  993  994    1
 1862  960  994  961    1
 1863  961  994  995    1
 1864  961  995  962    1
 1865  962  995  996    1
 1866  962  996  963    1
 1867  963  996  997    1
 1868  963  997  964    1
 1869  964  997  998    1
 1870  964  998  965    1
 1871  965  998  999    1
 1872  965  999  966    1
 1873  966  999 1000    1
 1874  966 1000  967    1
 1875  967 1000 1001    1
 1876  967 1001  968    1
 1877  968 1001 1002    1
 1878  968 1002  969    1
 1879  969 1002 1003    1
 1880  969 1003  970    1
 1881  970 1003 1004    1
 1882  970 1004  971    1
 1883  971 1004 1005    1
 1884  971 1005  972    1
 1885  972 1005 1006    1
 1886  972 1006  973    1
 1887  973 1006 1007    1
 1888  973 1007  974    1
 1889  974 1007 1008    1
 1890  974 1008  975    1
 1891  975 1008 1009    1
 1892  975 1009  976    1
 1893  976 1009 1010    1
 1894  976 1010  977    1
 1895  977 1010 1011    1
 1896  977 1011  978    1
 1897  978 1011 1012    1
 1898  978 1012  979    1
 1899  979 1012 1013    1
 1900  979 1013  980    1
 1901  980 1013 1014    1
 1902  980 1014  981    1
 1903  981 1014 1015    1
 1904  981 1015  982    1
 1905  982 1015 1016    1
 1906  982 1016  983    1
 1907  983 1016 1017    1
 1908  983 1017  984    1
 1909  984 1017 1018    1
 1910  984 1018  985    1
 1911  985 1018 1019    1
 1912  985 1019  986    1
 1913  986 1019 1020    1
 1914  986 1020  987    1
 1915  987 1020 1021    1
 1916  987 1021  988    1
 1917  988 1021 1022    1
 1918  988 1022  989    1
 1919  989 1022 1023    1
 1920  989 1023  990    1
 1921  991 1024 1025    1
 1922  991 1025  992    1
 1923  992 1025 1026    1
 1924  992 1026  993    1
 1925  993 1026 1027    1
 1926  993 1027  994    1
 1927  994 1027 1028    1
 1928  994 1028  995    1
 1929  995 1028 1029    1
 1930  995 1029  996    1
 1931  996 1029 1030    1
 1932  996 1030  997    1
 1933  997 1030 1031    1
 1934  997 1031  998    1
 1935  998 1031 1032    1
 1936  998 1032  999    1
 1937  999 1032 1033    1
 1938  999 1033 1000    1
 1939 1000 1033 1034    1
 1940 1000 1034 1001    1
 1941 1001 1034 1035    1
 1942 1001 1035 1002    1
 1943 1002 1035 1036    1
 1944 1002 1036 1003    1
 1945 1003 1036 1037    1
 1946 1003 1037 1004    1
 1947 1004 1037 1038    1
 1948 1004 1038 1005    1
 1949 1005 1038 1039    1
 1950 1005 1039 1006    1
 1951 1006 1039 1040    1
 1952 1006 1040 1007    1
 1953 1007 1040 1041    1
 1954 1007 1041 1008    1
 1955 1008 1041 1042    1
 1956 1008 1042 1009    1
 1957 1009 1042 1043    1
 1958 1009 1043 1010    1
 1959 1010 1043 1044    1
 1960 1010 1044 1011    1
 1961 1011 1044 1045    1
 1962 1011 1045 1012    1
 1963 1012 1045 1046    1
 1964 1012 1046 1013    1
 1965 1013 1046 1047    1
 1966 1013 1047 1014    1
 1967 1014 1047 1048    1
 1968 1014 1048 1015    1
 1969 1015 1048 1049    1
 1970 1015 1049 1016    1
 1971 1016 1049 1050    1
 1972 1016 1050 1017    1
 1973 1017 1050 1051    1
 1974 1017 1051 1018    1
 1975 1018 1051 1052    1
 1976 1018 1052 1019    1
 1977 1019 1052 1053    1
 1978 1019 1053 1020    1
 1979 1020 1053 1054    1
 1980 1020 1054 1021    1
 1981 1021 1054 1055    1
 1982 1021 1055 1022    1
 1983 1022 1055 1056    1
 1984 1022 1056 1023    1
 1985 1024 1057 1058    1
 1986 1024 1058 1025    1
 1987 1025 1058 1059    1
 1988 1025 1059 1026    1
 1989 1026 1059 1060    1
 1990 1026 1060 1027    1
 1991 1027 1060 1061    1
 1992 1027 1061 1028    1
 1993 1028 1061 1062    1
 1994 1028 1062 1029    1
 1995 1029 1062 1063    1
 1996 1029 1063 1030    1
 1997 1030 1063 1064    1
 1998 1030 1064 1031    1
 1999 1031 1064 1065    1
 2000 1031 1065 1032    1
 2001 1032 1065 1066    1
 2002 1032 1066 1033    1
 2003 1033 1066 1067    1
 2004 1033 1067 1034    1
 2005 1034 1067 1068    1
 2006 1034 1068 1035    1
 2007 1035 1068 1069    1
 2008 1035 1069 1036    1
 2009 1036 1069 1070    1
 2010 1036 1070 1037    1
 2011 1037 1070 1071    1
 2012 1037 1071 1038    1
 2013 1038 1071 1072    1
 2014 1038 1072 1039    1
 2015 1039 1072 1073    1
 2016 1039 1073 1040    1
 2017 1040 1073 1074    1
 2018 1040 1074 1041    1
 2019 1041 1074 1075    1
 2020 1041 1075 1042    1
 2021 1042 1075 1076    1
 2022 1042 1076 1043    1
 2023 1043 1076 1077    1
 2024 1043 1077 1044    1
 2025 1044 1077 1078    1
 2026 1044 1078 1045    1
 2027 1045 1078 1079    1
 2028 1045 1079 1046    1
 2029 1046 1079 1080    1
 2030 1046 1080 1047    1
 2031 1047 1080 1081    1
 2032 1047 1081 1048    1
 2033 1048 1081 1082    1
 2034 1048 1082 1049    1
 2035 1049 1082 1083    1
 2036 1049 1083 1050    1
 2037 1050 1083 1084    1
 2038 1050 1084 1051    1
 2039 1051 1084 1085    1
 2040 1051 1085 1052    1
 2041 1052 1085 1086    1
 2042 1052 1086 1053    1
 2043 1053 1086 1087    1
 2044 1053 1087 1054    1
 2045 1054 1087 1088    1
 2046 1054 1088 1055    1
 2047 1055 1088 1089    1
 2048 1055 1089 1056    1
    1    1    1
   34    1    1
   67    1    1
  100    1    1
  133    1    1
  166    1    1
  199    1    1
  232    1    1
  265    1    1
  298    1    1
  331    1    1
  364    1    1
  397    1    1
  430    1    1
  463    1    1
  496    1    1
  529    1    1
  562    1    1
  595    1    1
  628    1    1
  661    1    1
  694    1    1
  727    1    1
  760    1    1
  793    1    1
  826    1    1
  859    1    1
  892    1    1
  925    1    1
  958    1    1
  991    1    1
 1024    1    1
 1057    1    1
    0    0    0
    2     0.0 -3.12500E-02
    3     0.0 -3.12500E-02
    4     0.0 -3.12500E-02
    5     0.0 -3.12500E-02
    6     0.0 -3.12500E-02
    7     0.0 -3.12500E-02
    8     0.0 -3.12500E-02
    9     0.0 -3.12500E-02
   10     0.0 -3.12500E-02
   11     0.0 -3.12500E-02
   12     0.0 -3.12500E-02
   13     0.0 -3.12500E-02
   14     0.0 -3.12500E-02
   15     0.0 -3.12500E-02
   16     0.0 -3.12500E-02
   17     0.0 -3.12500E-02
   18     0.0 -3.12500E-02
   19     0.0 -3.12500E-02
   20     0.0 -3.12500E-02
   21     0.0 -3.12500E-02
   22     0.0 -3.12500E-02
   23     0.0 -3.12500E-02
   24     0.0 -3.12500E-02
   25     0.0 -3.12500E-02
   26     0.0 -3.12500E-02
   27     0.0 -3.12500E-02
   28     0.0 -3.12500E-02
   29     0.0 -3.12500E-02
   30     0.0 -3.12500E-02
   31     0.0 -3.12500E-02
   32     0.0 -3.12500E-02
   33     0.0 -1.56250E-02
    0     0.0      0.0
